,Daily_Case,Daily_Death,Daily_Recovered,Active_Case,Cumulative_Case,Cumulative_Recovered,Cumulative_Death,Cumulative_Active_Case
0,2,0,0,2,2,0,0,2
1,2,0,0,2,4,0,0,4
2,2,0,0,2,6,0,0,6
3,2,0,0,2,8,0,0,8
4,0,1,0,-1,8,0,1,7
5,0,0,0,0,8,0,1,7
6,0,2,0,-2,8,0,3,5
7,0,0,0,0,8,0,3,5
8,0,1,0,-1,8,0,4,4
9,0,0,0,0,8,0,4,4
10,0,0,0,0,8,0,4,4
11,2,1,4,-3,10,4,5,1
12,4,1,3,0,14,7,6,1
13,2,1,1,0,16,8,7,1
14,8,3,0,5,24,8,10,6
15,2,3,0,-1,26,8,13,5
16,2,1,0,1,28,8,14,6
17,1,1,0,0,29,8,15,6
18,2,0,1,1,31,9,15,7
19,5,3,1,1,36,10,18,8
20,8,3,6,-1,44,16,21,7
21,2,0,3,-1,46,19,21,6
22,0,0,0,0,46,19,21,6
23,16,19,3,-6,62,22,40,0
24,1,1,0,0,63,22,41,0
25,57,2,0,55,120,22,43,55
26,74,7,6,61,194,28,50,116
27,48,9,9,30,242,37,59,146
28,52,10,0,42,294,37,69,188
29,33,7,0,26,327,37,76,214
30,44,10,0,34,371,37,86,248
31,59,1,0,58,430,37,87,306
32,70,5,2,63,500,39,92,369
33,71,6,2,63,571,41,98,432
34,57,8,5,44,628,46,106,476
35,87,11,2,74,715,48,117,550
36,103,7,7,89,818,55,124,639
37,113,14,3,96,931,58,138,735
38,90,8,5,77,1021,63,146,812
39,228,34,5,189,1249,68,180,1001
40,53,11,4,38,1302,72,191,1039
41,190,10,7,173,1492,79,201,1212
42,156,33,37,86,1648,116,234,1298
43,135,7,1,127,1783,117,241,1425
44,122,10,0,112,1905,117,251,1537
45,143,9,20,114,2048,137,260,1651
46,174,1,0,173,2222,137,261,1824
47,170,7,35,128,2392,172,268,1952
48,101,7,1,93,2493,173,275,2045
49,113,3,25,85,2606,198,278,2130
50,74,5,7,62,2680,205,283,2192
51,183,2,59,122,2863,264,285,2314
52,110,1,8,101,2973,272,286,2415
53,122,0,4,118,3095,276,286,2533
54,78,0,1,77,3173,277,286,2610
55,78,19,7,52,3251,284,305,2662
56,104,7,1,96,3355,285,312,2758
57,66,13,1,52,3421,286,325,2810
58,124,4,22,98,3545,308,329,2908
59,110,0,75,35,3655,383,329,2943
60,106,0,46,60,3761,429,329,3003
61,135,4,2,129,3896,431,333,3132
62,92,17,24,51,3988,455,350,3183
63,129,5,112,12,4117,567,355,3195
64,80,8,3,69,4197,570,363,3264
65,132,1,66,65,4329,636,364,3329
66,106,5,37,64,4435,673,369,3393
67,82,8,4,70,4517,677,377,3463
68,96,1,0,95,4613,677,378,3558
69,98,3,5,90,4711,682,381,3648
70,125,6,49,70,4836,731,387,3718
71,81,6,9,66,4917,740,393,3784
72,96,2,108,-14,5013,848,395,3770
73,180,6,96,78,5193,944,401,3848
74,135,2,134,-1,5328,1078,403,3847
75,86,7,106,-27,5414,1184,410,3820
76,101,0,18,83,5515,1202,410,3903
77,127,3,11,113,5642,1213,413,4016
78,79,0,0,79,5721,1213,413,4095
79,94,7,21,66,5815,1234,420,4161
80,84,1,3,80,5899,1237,421,4241
81,70,8,130,-68,5969,1367,429,4173
82,106,29,55,22,6075,1422,458,4195
83,111,1,54,56,6186,1476,459,4251
84,112,0,20,92,6298,1496,459,4343
85,76,0,65,11,6374,1561,459,4354
86,87,0,13,74,6461,1574,459,4428
87,109,8,16,85,6570,1590,467,4513
88,100,0,20,80,6670,1610,467,4593
89,125,0,38,87,6795,1648,467,4680
90,108,7,255,-154,6903,1903,474,4526
91,113,1,70,42,7016,1973,475,4568
92,157,2,185,-30,7173,2158,477,4538
93,59,0,120,-61,7232,2278,477,4477
94,91,5,181,-95,7323,2459,482,4382
95,109,0,21,88,7432,2480,482,4470
96,70,1,138,-69,7502,2618,483,4401
97,117,0,86,31,7619,2704,483,4432
98,168,4,287,-123,7787,2991,487,4309
99,90,0,75,15,7877,3066,487,4324
100,239,4,163,72,8116,3229,491,4396
101,166,2,141,23,8282,3370,493,4419
102,131,1,147,-17,8413,3517,494,4402
103,92,4,118,-30,8505,3635,498,4372
104,121,8,58,55,8626,3693,506,4427
105,118,9,246,-137,8744,3939,515,4290
106,141,2,111,28,8885,4050,517,4318
107,97,0,132,-35,8982,4182,517,4283
108,122,5,115,2,9104,4297,522,4285
109,171,30,130,11,9275,4427,552,4296
110,133,1,126,6,9408,4553,553,4302
111,189,8,123,58,9597,4676,561,4360
112,141,1,234,-94,9738,4910,562,4266
113,123,0,75,48,9861,4985,562,4314
114,160,8,109,43,10021,5094,570,4357
115,152,8,97,47,10173,5191,578,4404
116,181,9,220,-48,10354,5411,587,4356
117,197,4,0,193,10551,5411,591,4549
118,192,8,68,116,10743,5479,599,4665
119,132,1,255,-124,10875,5734,600,4541
120,122,0,252,-130,10997,5986,600,4411
121,182,8,394,-220,11179,6380,608,4191
122,215,0,168,47,11394,6548,608,4238
123,200,6,192,2,11594,6740,614,4240
124,140,5,240,-105,11734,6980,619,4135
125,218,0,268,-50,11952,7248,619,4085
126,255,5,286,-36,12207,7534,624,4049
127,221,0,374,-153,12428,7908,624,3896
128,193,12,242,-61,12621,8150,636,3835
129,350,6,147,197,12971,8297,642,4032
130,277,6,223,48,13248,8520,648,4080
131,252,0,180,72,13500,8700,648,4152
132,383,10,215,158,13883,8915,658,4310
133,395,10,159,226,14278,9074,668,4536
134,281,7,208,66,14559,9282,675,4602
135,266,4,120,142,14825,9402,679,4744
136,251,5,197,49,15076,9599,684,4793
137,309,8,135,166,15385,9734,692,4959
138,257,6,139,112,15642,9873,698,5071
139,339,8,121,210,15981,9994,706,5281
140,319,9,327,-17,16300,10321,715,5264
141,381,9,155,217,16681,10476,724,5481
142,432,8,266,158,17113,10742,732,5639
143,387,5,367,15,17500,11109,737,5654
144,462,2,168,292,17962,11277,739,5946
145,293,4,270,19,18255,11547,743,5965
146,369,0,175,194,18624,11722,743,6159
147,384,4,161,219,19008,11883,747,6378
148,501,10,112,379,19509,11995,757,6757
149,409,16,374,19,19918,12369,773,6776
150,617,14,250,353,20535,12619,787,7129
151,397,19,188,190,20932,12807,806,7319
152,430,14,405,11,21362,13212,820,7330
153,368,12,680,-324,21730,13892,832,7006
154,377,0,141,236,22107,14033,832,7242
155,472,16,134,322,22579,14167,848,7564
156,410,14,224,172,22989,14391,862,7736
157,354,14,379,-39,23343,14770,876,7697
158,556,13,248,295,23899,15018,889,7992
159,665,12,196,457,24564,15214,901,8449
160,686,11,509,166,25250,15723,912,8615
161,440,6,560,-126,25690,16283,918,8489
162,433,2,179,252,26123,16462,920,8741
163,462,12,184,266,26585,16646,932,9007
164,529,15,822,-308,27114,17468,947,8699
165,608,11,400,197,27722,17868,958,8896
166,538,4,694,-160,28260,18562,962,8736
167,583,6,527,50,28843,19089,968,8786
168,518,1,654,-137,29361,19743,969,8649
169,552,14,209,329,29913,19952,983,8978
170,513,19,589,-95,30426,20541,1002,8883
171,551,18,570,-37,30977,21111,1020,8846
172,594,16,729,-151,31571,21840,1036,8695
173,657,16,435,206,32228,22275,1052,8901
174,588,17,653,-82,32816,22928,1069,8819
175,614,17,693,-96,33430,23621,1086,8723
176,633,16,1901,-1284,34063,25522,1102,7439
177,638,15,526,97,34701,26048,1117,7536
178,713,7,764,-58,35414,26812,1124,7478
179,760,11,1539,-790,36174,28351,1135,6688
180,869,10,880,-21,37043,29231,1145,6667
181,861,18,600,243,37904,29831,1163,6910
182,1094,9,368,717,38998,30199,1172,7627
183,1049,14,402,633,40047,30601,1186,8260
184,901,17,737,147,40948,31338,1203,8407
185,1054,17,479,558,42002,31817,1220,8965
186,1359,15,702,642,43361,32519,1235,9607
187,880,6,823,51,44241,33342,1241,9658
188,877,14,731,132,45118,34073,1255,9790
189,1176,10,805,361,46294,34878,1265,10151
190,1046,22,662,362,47340,35540,1287,10513
191,1014,21,931,62,48354,36471,1308,10575
192,1004,17,844,143,49358,37315,1325,10718
193,1274,17,1008,249,50632,38323,1342,10967
194,964,17,904,43,51596,39227,1359,11010
195,1205,18,665,522,52801,39892,1377,11532
196,1380,5,957,418,54181,40849,1382,11950
197,879,27,1511,-659,55060,42360,1409,11291
198,1076,33,982,61,56136,43342,1442,11352
199,1294,31,1146,117,57430,44488,1473,11469
200,1113,14,748,351,58543,45236,1487,11820
201,1258,22,1036,200,59801,46272,1509,12020
202,988,10,1032,-54,60789,47304,1519,11966
203,1138,14,1069,55,61927,48373,1533,12021
204,1352,29,1294,29,63279,49667,1562,12050
205,1236,30,849,357,64515,50516,1592,12407
206,1135,28,1105,2,65650,51621,1620,12409
207,1044,20,1162,-138,66694,52783,1640,12271
208,1171,13,1626,-468,67865,54409,1653,11803
209,1323,12,764,547,69188,55173,1665,12350
210,1217,13,1294,-90,70405,56467,1678,12260
211,898,9,1331,-442,71303,57798,1687,11818
212,1238,21,1121,96,72541,58919,1708,11914
213,1159,13,1452,-306,73700,60371,1721,11608
214,1253,6,1118,129,74953,61489,1727,11737
215,1198,3,675,520,76151,62164,1730,12257
216,1265,4,1190,71,77416,63354,1734,12328
217,1398,13,1031,354,78814,64385,1747,12682
218,1022,16,980,26,79836,65365,1763,12708
219,1106,31,1016,59,80942,66381,1794,12767
220,1211,15,987,209,82153,67368,1809,12976
221,1182,17,1047,118,83335,68415,1826,13094
222,943,21,849,73,84278,69264,1847,13167
223,1259,16,1284,-41,85537,70548,1863,13126
224,1389,18,1062,309,86926,71610,1881,13435
225,1211,25,1113,73,88137,72723,1906,13508
226,1054,19,1101,-66,89191,73824,1925,13442
227,1038,17,1203,-182,90229,75027,1942,13260
228,1072,20,1050,2,91301,76077,1962,13262
229,1045,24,982,39,92346,77059,1986,13301
230,974,23,1108,-157,93320,78167,2009,13144
231,971,17,1080,-126,94291,79247,2026,13018
232,926,14,1128,-216,95217,80375,2040,12802
233,964,22,837,105,96181,81212,2062,12907
234,1000,21,1073,-94,97181,82285,2083,12813
235,989,16,1157,-184,98170,83442,2099,12629
236,952,21,1093,-162,99122,84535,2120,12467
237,1062,20,1157,-115,100184,85692,2140,12352
238,771,18,1231,-478,100955,86923,2158,11874
239,906,13,1185,-292,101861,88108,2171,11582
240,781,11,1130,-360,102642,89238,2182,11222
241,844,17,1060,-233,103486,90298,2199,10989
242,713,14,1084,-385,104199,91382,2213,10604
243,612,14,1081,-483,104811,92463,2227,10121
244,750,19,1047,-316,105561,93510,2246,9805
245,608,19,1474,-885,106169,94984,2265,8920
246,1024,18,1058,-52,107193,96042,2283,8868
247,617,10,1025,-418,107810,97067,2293,8450
248,768,14,940,-186,108578,98007,2307,8264
249,797,15,974,-192,109375,98981,2322,8072
250,672,18,1028,-374,110047,100009,2340,7698
251,1118,11,987,120,111165,100996,2351,7818
252,826,8,984,-166,111991,101980,2359,7652
253,716,12,1131,-427,112707,103111,2371,7225
254,1013,13,1257,-257,113720,104368,2384,6968
255,587,13,959,-385,114307,105327,2397,6583
256,831,11,1072,-252,115138,106399,2408,6331
257,1033,10,13,1010,116171,106412,2418,7341
258,1255,5,11,1239,117426,106423,2423,8580
259,1164,2,23,1139,118590,106446,2425,9719
260,1006,2,867,137,119596,107313,2427,9856
261,1037,36,825,176,120633,108138,2463,10032
262,1148,11,2193,-1056,121781,110331,2474,8976
263,1186,14,2671,-1499,122967,113002,2488,7477
264,1240,0,569,671,124207,113571,2488,8148
265,1579,15,1085,479,125786,114656,2503,8627
266,1342,16,1070,256,127128,115726,2519,8883
267,1009,3,1052,-46,128137,116778,2522,8837
268,1015,19,1089,-93,129152,117867,2541,8744
269,1273,17,1090,166,130425,118957,2558,8910
270,1064,14,1134,-84,131489,120091,2572,8826
271,1436,15,838,583,132925,120929,2587,9409
272,1370,15,1232,123,134295,122161,2602,9532
273,1431,19,820,592,135726,122981,2621,10124
274,1099,25,910,164,136825,123891,2646,10288
275,1058,23,1042,-7,137883,124933,2669,10281
276,1166,23,1063,80,139049,125996,2692,10361
277,1153,34,1073,46,140202,127069,2726,10407
278,1032,23,928,81,141234,127997,2749,10488
279,1360,23,1031,306,142594,129028,2772,10794
280,1331,23,1040,268,143925,130068,2795,11062
281,1466,24,944,498,145391,131012,2819,11560
282,1194,21,1203,-30,146585,132215,2840,11530
283,1217,18,1073,126,147802,133288,2858,11656
284,1180,18,1046,116,148982,134334,2876,11772
285,1232,4,1096,132,150214,135430,2880,11904
286,951,17,923,11,151165,136353,2897,11915
287,1298,16,1112,170,152463,137465,2913,12085
288,1506,17,1471,18,153969,138936,2930,12103
289,1116,22,1136,-42,155085,140072,2952,12061
290,1221,22,1142,57,156306,141214,2974,12118
291,1690,20,1372,298,157996,142586,2994,12416
292,1587,19,1234,334,159583,143820,3013,12750
293,1899,20,1097,782,161482,144917,3033,13532
294,1592,19,1874,-301,163074,146791,3052,13231
295,1466,15,1368,83,164540,148159,3067,13314
296,1311,14,1374,-77,165851,149533,3081,13237
297,1954,15,1444,495,167805,150977,3096,13732
298,1933,16,1341,576,169738,152318,3112,14308
299,2096,21,1727,348,171834,154045,3133,14656
300,2058,14,2552,-508,173892,156597,3147,14148
301,1997,22,1824,151,175889,158421,3169,14299
302,1678,21,1713,-56,177567,160134,3190,14243
303,2056,18,1002,1036,179623,161136,3208,15279
304,2053,21,1567,465,181676,162703,3229,15744
305,2022,21,1968,33,183698,164671,3250,15777
306,1956,20,1643,293,185654,166314,3270,16070
307,1894,26,2280,-412,187548,168594,3296,15658
308,1658,10,1691,-43,189206,170285,3306,15615
309,1832,21,2527,-716,191038,172812,3327,14899
310,1824,19,1339,466,192862,174151,3346,15365
311,2402,16,1095,1291,195264,175246,3362,16656
312,2398,21,1446,931,197662,176692,3383,17587
313,2959,24,2690,245,200621,179382,3407,17832
314,2753,27,2118,608,203374,181500,3434,18440
315,2711,31,2898,-218,206085,184398,3465,18222
316,2461,31,2510,-80,208546,186908,3496,18142
317,2669,34,1657,978,211215,188565,3530,19120
318,3476,45,2952,479,214691,191517,3575,19599
319,3165,43,2075,1047,217856,193592,3618,20646
320,2541,35,2490,16,220397,196082,3653,20662
321,3536,32,1772,1732,223933,197854,3685,22394
322,3395,33,3776,-414,227328,201630,3718,21980
323,2361,36,2801,-476,229689,204431,3754,21504
324,2563,40,2500,23,232252,206931,3794,21527
325,3786,33,3770,-17,236038,210701,3827,21510
326,3151,30,2570,551,239189,213271,3857,22061
327,3791,41,2169,1581,242980,215440,3898,23642
328,3285,31,3492,-238,246265,218932,3929,23404
329,3512,39,2328,1145,249777,221260,3968,24549
330,2451,43,2504,-96,252228,223764,4011,24453
331,2313,46,2939,-672,254541,226703,4057,23781
332,1836,34,2970,-1168,256377,229673,4091,22613
333,2889,40,2731,118,259266,232404,4131,22731
334,3448,44,2428,976,262714,234832,4175,23707
335,3491,30,3565,-104,266205,238397,4205,23603
336,3474,42,3355,77,269679,241752,4247,23680
337,3614,45,2352,1217,273293,244104,4292,24897
338,3362,44,4577,-1259,276655,248681,4336,23638
339,3567,44,1391,2132,280222,250072,4380,25770
340,3632,40,3963,-371,283854,254035,4420,25399
341,3340,45,2475,820,287194,256510,4465,26219
342,2379,44,4434,-2099,289573,260944,4509,24120
343,4212,45,4305,-138,293785,265249,4554,23982
344,3142,43,3417,-318,296927,268666,4597,23664
345,3437,57,2786,594,300364,271452,4654,24258
346,3308,43,3245,20,303672,274697,4697,24278
347,2513,51,4097,-1635,306185,278794,4748,22643
348,3807,50,5636,-1879,309992,284430,4798,20764
349,3017,53,5010,-2046,313009,289440,4851,18718
350,2497,48,3977,-1528,315506,293417,4899,17190
351,1879,42,2081,-244,317385,295498,4941,16946
352,1861,62,1580,219,319246,297078,5003,17165
353,1446,31,2591,-1176,320692,299669,5034,15989
354,373,35,2717,-2379,321065,302386,5069,13610
355,1920,6,2758,-844,322985,305144,5075,12766
356,2872,40,2490,342,325857,307634,5115,13108
357,2725,55,2681,-11,328582,310315,5170,13097
358,2465,40,2305,120,331047,312620,5210,13217
359,782,45,2052,-1315,331829,314672,5255,11902
360,782,35,1857,-1110,332611,316529,5290,10792
361,1581,56,2656,-1131,334192,319185,5346,9661
362,1662,42,1864,-244,335854,321049,5388,9417
363,1736,44,1163,529,337590,322212,5432,9946
364,2098,43,891,1164,339688,323103,5475,11110
365,2058,52,3133,-1127,341746,326236,5527,9983
366,577,36,2165,-1624,342323,328401,5563,8359
367,1437,38,2487,-1088,343760,330888,5601,7271
368,2009,46,1750,213,345769,332638,5647,7484
369,1160,45,1290,-175,346929,333928,5692,7309
370,1615,44,1568,3,348544,335496,5736,7312
371,1835,45,1765,25,350379,337261,5781,7337
372,1783,48,1675,60,352162,338936,5829,7397
373,867,45,1643,-821,353029,340579,5874,6576
374,1046,45,1477,-476,354075,342056,5919,6100
375,1754,25,980,749,355829,343036,5944,6849
376,1872,50,1263,559,357701,344299,5994,7408
377,1034,10,577,447,358735,344876,6004,7855
378,1204,36,2367,-1199,359939,347243,6040,6656
379,1555,35,1762,-242,361494,349005,6075,6414
380,835,20,1491,-676,362329,350496,6095,5738
381,1330,3,1183,144,363659,351679,6098,5882
382,1719,20,1168,531,365378,352847,6118,6413
383,1588,24,1175,389,366966,354022,6142,6802
384,1935,22,1184,729,368901,355206,6164,7531
385,1638,23,1884,-269,370539,357090,6187,7262
386,1474,8,1715,-249,372013,358805,6195,7013
387,816,11,1691,-886,372829,360496,6206,6127
388,890,11,1986,-1107,373719,362482,6217,5020
389,1727,12,490,1225,375446,362972,6229,6245
390,1381,11,897,473,376827,363869,6240,6718
391,1354,18,599,737,378181,364468,6258,7455
392,1470,23,1175,272,379651,365643,6281,7727
393,1014,22,1079,-87,380665,366722,6303,7640
394,384,21,1087,-724,381049,367809,6324,6916
395,965,0,1073,-108,382014,368882,6324,6808
396,1337,18,988,331,383351,369870,6342,7139
397,1240,7,1292,-59,384591,371162,6349,7080
398,1098,4,600,494,385689,371762,6353,7574
399,736,6,1600,-870,386425,373362,6359,6704
400,523,4,1187,-668,386948,374549,6363,6036
401,487,4,587,-104,387435,375136,6367,5932
402,862,9,695,158,388297,375831,6376,6090
403,1238,4,485,749,389535,376316,6380,6839
404,1013,10,623,380,390548,376939,6390,7219
405,977,7,856,114,391525,377795,6397,7333
406,1031,7,1396,-372,392556,379191,6404,6961
407,692,7,1357,-672,393248,380548,6411,6289
408,828,6,900,-78,394076,381448,6417,6211
409,661,7,614,40,394737,382062,6424,6251
410,1330,6,690,634,396067,382752,6430,6885
411,980,18,871,91,397047,383623,6448,6976
412,1037,18,999,20,398084,384622,6466,6996
413,950,13,987,-50,399034,385609,6479,6946
414,973,14,971,-12,400007,386580,6493,6934
415,460,14,897,-451,400467,387477,6507,6483
416,602,12,573,17,401069,388050,6519,6500
417,1266,11,652,603,402335,388702,6530,7103
418,884,18,721,145,403219,389423,6548,7248
419,907,12,885,10,404126,390308,6560,7258
420,896,14,962,-80,405022,391270,6574,7178
421,748,14,1339,-605,405770,392609,6588,6573
422,394,17,600,-223,406164,393209,6605,6350
423,639,14,682,-57,406803,393891,6619,6293
424,987,23,480,484,407790,394371,6642,6777
425,789,4,539,246,408579,394910,6646,7023
426,926,15,793,118,409505,395703,6661,7141
427,854,10,984,-140,410359,396687,6671,7001
428,757,20,687,50,411116,397374,6691,7051
429,416,18,586,-188,411532,397960,6709,6863
430,845,12,687,146,412377,398647,6721,7009
431,906,21,566,319,413283,399213,6742,7328
432,783,20,595,168,414066,399808,6762,7496
433,732,26,584,122,414798,400392,6788,7618
434,809,16,690,103,415607,401082,6804,7721
435,694,22,607,65,416301,401689,6826,7786
436,406,20,667,-281,416707,402356,6846,7505
437,656,13,674,-31,417363,403030,6859,7474
438,785,15,585,185,418148,403615,6874,7659
439,632,16,547,69,418780,404162,6890,7728
440,227,15,573,-361,419007,404735,6905,7367
441,161,18,593,-450,419168,405328,6923,6917
442,421,25,0,396,419589,405328,6948,7313
443,219,15,194,10,419808,405522,6963,7323
444,611,19,197,395,420419,405719,6982,7718
445,895,20,96,779,421314,405815,7002,8497
446,856,16,100,740,422170,405915,7018,9237
447,932,12,397,523,423102,406312,7030,9760
448,867,12,340,515,423969,406652,7042,10275
449,819,10,302,507,424788,406954,7052,10782
450,384,14,506,-136,425172,407460,7066,10646
451,617,11,516,90,425789,407976,7077,10736
452,940,18,586,336,426729,408562,7095,11072
453,602,19,908,-325,427331,409470,7114,10747
454,898,12,998,-112,428229,410468,7126,10635
455,1064,13,1004,47,429293,411472,7139,10682
456,726,19,581,126,430019,412053,7158,10808
457,519,11,509,-1,430538,412562,7169,10807
458,602,20,587,-5,431140,413149,7189,10802
459,715,21,501,193,431855,413650,7210,10995
460,906,20,815,71,432761,414465,7230,11066
461,1317,22,828,467,434078,415293,7252,11533
462,1019,20,884,115,435097,416177,7272,11648
463,1197,20,874,303,436294,417051,7292,11951
464,755,20,948,-213,437049,417999,7312,11738
465,1376,14,1112,250,438425,419111,7326,11988
466,2091,25,1105,961,440516,420216,7351,12949
467,2293,21,1182,1090,442809,421398,7372,14039
468,2455,19,746,1690,445264,422144,7391,15729
469,2769,19,935,1815,448033,423079,7410,17544
470,2722,39,1034,1649,450755,424113,7449,19193
471,1502,20,1194,288,452257,425307,7469,19481
472,2376,34,1271,1071,454633,426578,7503,20552
473,4144,50,1877,2217,458777,428455,7553,22769
474,4737,66,2110,2561,463514,430565,7619,25330
475,4894,60,2443,2391,468408,433008,7679,27721
476,5582,69,2457,3056,473990,435465,7748,30777
477,5014,74,2835,2105,479004,438300,7822,32882
478,3221,59,3481,-319,482225,441781,7881,32563
479,4693,47,1191,3455,486918,442972,7928,36018
480,7505,49,2438,5018,494423,445410,7977,41036
481,6934,69,2571,4294,501357,447981,8046,45330
482,9271,51,2725,6495,510628,450706,8097,51825
483,9393,51,3505,5837,520021,454211,8148,57662
484,8348,80,3414,4854,528369,457625,8228,62516
485,7379,80,3505,3794,535748,461130,8308,66310
486,7680,71,3522,4087,543428,464652,8379,70397
487,7541,46,3527,3968,550969,468179,8425,74365
488,9399,70,5013,4316,560368,473192,8495,78681
489,9701,16,5682,4003,570069,478874,8511,82684
490,10485,66,5816,4603,580554,484690,8577,87287
491,10902,120,6597,4185,591456,491287,8697,91472
492,9439,137,6100,3202,600895,497387,8834,94674
493,9365,142,3655,5568,610260,501042,8976,100242
494,12974,136,10857,1981,623234,511899,9112,102223
495,13111,138,15022,-2049,636345,526921,9250,100174
496,12920,87,16839,-4006,649265,543760,9337,96168
497,13133,46,20602,-7515,662398,564362,9383,88653
498,14622,134,20478,-5990,677020,584840,9517,82663
499,12183,68,4571,7544,689203,589411,9585,90207
500,12669,63,3066,9540,701872,592477,9648,99747
501,12691,141,3034,9516,714563,595511,9789,109263
502,12416,132,8450,3834,726979,603961,9921,113097
503,10168,67,11613,-1512,737147,615574,9988,111585
504,9129,158,11857,-2886,746276,627431,10146,108699
505,5000,250,12674,-7924,751276,640105,10396,100775
506,6213,268,12071,-6126,757489,652176,10664,94649
507,5904,95,10546,-4737,763393,662722,10759,89912
508,7060,195,10631,-3766,770453,673353,10954,86146
509,8033,157,14500,-6624,778486,687853,11111,79522
510,8360,151,14528,-6319,786846,702381,11262,73203
511,5394,157,14228,-8991,792240,716609,11419,64212
512,2662,160,14653,-12151,794902,731262,11579,52061
513,3567,184,14850,-11467,798469,746112,11763,40594
514,5525,69,10940,-5484,803994,757052,11832,35110
515,3845,27,11425,-7607,807839,768477,11859,27503
516,3454,43,11151,-7740,811293,779628,11902,19763
517,3328,251,4963,-1886,814621,784591,12153,17877
518,2701,71,4596,-1966,817322,789187,12224,15911
519,1410,154,2161,-905,818732,791348,12378,15006
520,1601,70,2506,-975,820333,793854,12448,14031
521,2981,63,2471,447,823314,796325,12511,14478
522,2312,126,2759,-573,825626,799084,12637,13905
523,2185,53,3211,-1079,827811,802295,12690,12826
524,2008,68,4562,-2622,829819,806857,12758,10204
525,1649,20,1200,429,831468,808057,12778,10633
526,727,14,1010,-297,832195,809067,12792,10336
527,1426,40,1174,212,833621,810241,12832,10548
528,1957,42,1334,581,835578,811575,12874,11129
529,1080,42,2456,-1418,836658,814031,12916,9711
530,1210,68,1570,-428,837868,815601,12984,9283
531,1363,29,1219,115,839231,816820,13013,9398
532,1182,17,1066,99,840413,817886,13030,9497
533,513,28,947,-462,840926,818833,13058,9035
534,655,24,920,-289,841581,819753,13082,8746
535,1029,0,897,132,842610,820650,13082,8878
536,3,0,0,3,3,0,0,3
537,1,1,0,0,4,0,1,3
538,1,0,0,1,5,0,1,4
539,1,0,0,1,6,0,1,5
540,1,0,0,1,7,0,1,6
541,0,0,0,0,7,0,1,6
542,0,0,0,0,7,0,1,6
543,0,0,0,0,7,0,1,6
544,0,0,0,0,7,0,1,6
545,0,1,0,-1,7,0,2,5
546,1,0,0,1,8,0,2,6
547,4,0,4,0,12,4,2,6
548,0,0,0,0,12,4,2,6
549,0,0,0,0,12,4,2,6
550,1,0,0,1,13,4,2,7
551,11,0,0,11,24,4,2,18
552,5,1,1,3,29,5,3,21
553,7,1,0,6,36,5,4,27
554,20,3,0,17,56,5,7,44
555,5,0,0,5,61,5,7,49
556,3,3,0,0,64,5,10,49
557,6,4,0,2,70,5,14,51
558,2,2,1,-1,72,6,16,50
559,5,0,1,4,77,7,16,54
560,8,0,0,8,85,7,16,62
561,27,4,0,23,112,7,20,85
562,23,2,1,20,135,8,22,105
563,33,2,1,30,168,9,24,135
564,26,2,3,21,194,12,26,156
565,9,0,3,6,203,15,26,162
566,36,1,0,35,239,15,27,197
567,24,4,1,19,263,16,31,216
568,2,1,3,-2,265,19,32,214
569,24,2,0,22,289,19,34,236
570,10,0,1,9,299,20,34,245
571,20,2,1,17,319,21,36,262
572,79,2,3,74,398,24,38,336
573,24,5,1,18,422,25,43,354
574,22,5,1,16,444,26,48,370
575,10,0,1,9,454,27,48,379
576,45,1,1,43,499,28,49,422
577,35,4,3,28,534,31,53,450
578,76,10,3,63,610,34,63,513
579,6,1,1,4,616,35,64,517
580,38,3,1,34,654,36,67,551
581,23,1,6,16,677,42,68,567
582,61,3,16,42,738,58,71,609
583,19,0,2,17,757,60,71,626
584,54,1,12,41,811,72,72,667
585,27,3,4,20,838,76,75,687
586,19,5,19,-5,857,95,80,682
587,8,3,3,2,865,98,83,684
588,29,3,9,17,894,107,86,701
589,74,2,3,69,968,110,88,770
590,47,0,4,43,1015,114,88,813
591,12,0,1,11,1027,115,88,824
592,38,1,3,34,1065,118,89,858
593,19,1,6,12,1084,124,90,870
594,40,0,7,33,1124,131,90,903
595,5,4,31,-30,1129,162,94,873
596,4,5,3,-4,1133,165,99,869
597,36,1,2,33,1169,167,100,902
598,14,1,7,6,1183,174,101,908
599,182,3,7,172,1365,181,104,1080
600,52,1,10,41,1417,191,105,1121
601,21,3,8,10,1438,199,108,1131
602,53,0,6,47,1491,205,108,1178
603,30,2,0,28,1521,205,110,1206
604,29,3,19,7,1550,224,113,1213
605,0,0,2,-2,1550,226,113,1211
606,54,3,11,40,1604,237,116,1251
607,54,0,4,50,1658,241,116,1301
608,8,0,27,-19,1666,268,116,1282
609,11,1,7,3,1677,275,117,1285
610,33,1,18,14,1710,293,118,1299
611,24,0,3,21,1734,296,118,1320
612,32,3,57,-28,1766,353,121,1292
613,22,9,74,-61,1788,427,130,1231
614,24,1,14,9,1812,441,131,1240
615,143,0,2,141,1955,443,131,1381
616,68,0,11,57,2023,454,131,1438
617,38,2,13,23,2061,467,133,1461
618,55,2,40,13,2116,507,135,1474
619,49,1,11,37,2165,518,136,1511
620,18,0,4,14,2183,522,136,1525
621,15,9,21,-15,2198,543,145,1510
622,25,5,32,-12,2223,575,150,1498
623,26,0,45,-19,2249,620,150,1479
624,40,1,6,33,2289,626,151,1512
625,20,2,32,-14,2309,658,153,1498
626,38,0,8,30,2347,666,153,1528
627,41,0,8,33,2388,674,153,1561
628,18,7,36,-25,2406,710,160,1536
629,4,3,55,-54,2410,765,163,1482
630,8,1,20,-13,2418,785,164,1469
631,15,3,47,-35,2433,832,167,1434
632,13,0,16,-3,2446,848,167,1431
633,34,0,106,-72,2480,954,167,1359
634,24,3,68,-47,2504,1022,170,1312
635,29,0,12,17,2533,1034,170,1329
636,49,0,38,11,2582,1072,170,1340
637,47,0,20,27,2629,1092,170,1367
638,15,0,47,-32,2644,1139,170,1335
639,12,0,36,-24,2656,1175,170,1311
640,15,0,39,-24,2671,1214,170,1287
641,24,1,7,16,2695,1221,171,1303
642,37,0,12,25,2732,1233,171,1328
643,43,7,28,8,2775,1261,178,1336
644,51,2,54,-5,2826,1315,180,1331
645,63,0,29,34,2889,1344,180,1365
646,19,0,1,18,2908,1345,180,1383
647,22,0,2,20,2930,1347,180,1403
648,18,0,24,-6,2948,1371,180,1397
649,32,0,30,2,2980,1401,180,1399
650,46,0,8,38,3026,1409,180,1437
651,41,2,57,-18,3067,1466,182,1419
652,35,2,109,-76,3102,1575,184,1343
653,49,0,14,35,3151,1589,184,1378
654,26,0,9,17,3177,1598,184,1395
655,42,0,3,39,3219,1601,184,1434
656,75,1,84,-10,3294,1685,185,1424
657,58,0,15,43,3352,1700,185,1467
658,65,0,45,20,3417,1745,185,1487
659,32,0,4,28,3449,1749,185,1515
660,86,0,23,63,3535,1772,185,1578
661,108,0,16,92,3643,1788,185,1670
662,129,1,22,106,3772,1810,186,1776
663,81,2,44,35,3853,1854,188,1811
664,95,2,25,68,3948,1879,190,1879
665,964,4,28,932,4912,1907,194,2811
666,108,0,33,75,5020,1940,194,2886
667,73,1,29,43,5093,1969,195,2929
668,44,0,9,35,5137,1978,195,2964
669,87,0,19,68,5224,1997,195,3032
670,77,1,34,42,5301,2031,196,3074
671,74,1,145,-72,5375,2176,197,3002
672,40,0,18,22,5415,2194,197,3024
673,51,1,33,17,5466,2227,198,3041
674,58,1,18,39,5524,2245,199,3080
675,24,0,4,20,5548,2249,199,3100
676,59,0,96,-37,5607,2345,199,3063
677,65,4,32,29,5672,2377,203,3092
678,32,0,23,9,5704,2400,203,3101
679,63,1,13,49,5767,2413,204,3150
680,89,0,19,70,5856,2432,204,3220
681,72,0,32,40,5928,2464,204,3260
682,50,0,23,27,5978,2487,204,3287
683,57,0,406,-349,6035,2893,204,2938
684,132,0,606,-474,6167,3499,204,2464
685,97,2,48,47,6264,3547,206,2511
686,141,2,333,-194,6405,3880,208,2317
687,69,0,17,52,6474,3897,208,2369
688,59,0,19,40,6533,3916,208,2409
689,57,0,7,50,6590,3923,208,2459
690,53,0,47,6,6643,3970,208,2465
691,93,5,170,-82,6736,4140,213,2383
692,124,0,9,115,6860,4149,213,2498
693,82,1,32,49,6942,4181,214,2547
694,151,4,62,85,7093,4243,218,2632
695,241,3,40,198,7334,4283,221,2830
696,176,4,66,106,7510,4349,225,2936
697,33,0,27,6,7543,4376,225,2942
698,92,4,39,49,7635,4415,229,2991
699,106,1,70,35,7741,4485,230,3026
700,110,1,17,92,7851,4502,231,3118
701,362,1,21,340,8213,4523,232,3458
702,227,0,36,191,8440,4559,232,3649
703,78,2,41,35,8518,4600,234,3684
704,44,1,45,-2,8562,4645,235,3682
705,45,0,18,27,8607,4663,235,3709
706,103,5,50,48,8710,4713,240,3757
707,197,2,72,123,8907,4785,242,3880
708,93,8,119,-34,9000,4904,250,3846
709,153,6,178,-31,9153,5082,256,3815
710,68,1,507,-440,9221,5589,257,3375
711,132,2,207,-77,9353,5796,259,3298
712,256,1,6,249,9609,5802,260,3547
713,176,0,30,146,9785,5832,260,3693
714,153,0,89,64,9938,5921,260,3757
715,557,2,64,491,10495,5985,262,4248
716,285,0,8,277,10780,5993,262,4525
717,101,0,25,76,10881,6018,262,4601
718,146,8,57,81,11027,6075,270,4682
719,213,1,47,165,11240,6122,271,4847
720,202,1,138,63,11442,6260,272,4910
721,236,4,30,202,11678,6290,276,5112
722,381,1,83,297,12059,6373,277,5409
723,218,0,45,173,12277,6418,277,5582
724,171,0,53,118,12448,6471,277,5700
725,202,0,88,114,12650,6559,277,5814
726,333,2,76,255,12983,6635,279,6069
727,284,4,47,233,13267,6682,283,6302
728,333,0,111,222,13600,6793,283,6524
729,271,7,285,-21,13871,7078,290,6503
730,288,1,328,-41,14159,7406,291,6462
731,161,5,192,-36,14320,7598,296,6426
732,206,0,167,39,14526,7765,296,6465
733,354,7,250,97,14880,8015,303,6562
734,299,1,206,92,15179,8221,304,6654
735,355,4,330,21,15534,8551,308,6675
736,347,3,284,60,15881,8835,311,6735
737,457,0,552,-95,16338,9387,311,6640
738,423,6,402,15,16761,9789,317,6655
739,689,2,249,438,17450,10038,319,7093
740,600,10,594,-4,18050,10632,329,7089
741,512,14,170,328,18562,10802,343,7417
742,793,12,251,530,19355,11053,355,7947
743,729,13,820,-104,20084,11873,368,7843
744,391,16,621,-246,20475,12494,384,7597
745,435,2,238,195,20910,12732,386,7792
746,492,1,295,196,21402,13027,387,7988
747,316,15,113,188,21718,13140,402,8176
748,431,15,372,44,22149,13512,417,8220
749,577,16,131,430,22726,13643,433,8650
750,536,15,186,335,23262,13829,448,8985
751,354,15,96,243,23616,13925,463,9228
752,246,16,77,153,23862,14002,479,9381
753,500,15,789,-304,24362,14791,494,9077
754,508,17,205,286,24870,14996,511,9363
755,751,13,505,233,25621,15501,524,9596
756,591,4,325,262,26212,15826,528,9858
757,499,2,550,-53,26711,16376,530,9805
758,268,2,389,-123,26979,16765,532,9682
759,206,0,551,-345,27185,17316,532,9337
760,297,9,238,50,27482,17554,541,9387
761,567,0,566,1,28049,18120,541,9388
762,444,12,526,-94,28493,18646,553,9294
763,599,9,312,278,29092,18958,562,9572
764,426,0,384,42,29518,19342,562,9614
765,503,0,438,65,30021,19780,562,9679
766,211,0,346,-135,30232,20126,562,9544
767,515,21,342,152,30747,20468,583,9696
768,470,20,211,239,31217,20679,603,9935
769,633,16,548,69,31850,21227,619,10004
770,722,23,332,367,32572,21559,642,10371
771,513,11,318,184,33085,21877,653,10555
772,439,19,650,-230,33524,22527,672,10325
773,356,11,462,-117,33880,22989,683,10208
774,441,14,441,-14,34321,23430,697,10194
775,395,14,556,-175,34716,23986,711,10019
776,407,7,372,28,35123,24358,718,10047
777,458,0,490,-32,35581,24848,718,10015
778,321,4,350,-33,35902,25198,722,9982
779,422,1,289,132,36324,25487,723,10114
780,244,2,625,-383,36568,26112,725,9731
781,334,11,385,-62,36902,26497,736,9669
782,482,5,392,85,37384,26889,741,9754
783,525,16,282,227,37909,27171,757,9981
784,639,9,396,234,38548,27567,766,10215
785,587,0,462,125,39135,28029,766,10340
786,477,0,458,19,39612,28487,766,10359
787,479,1,622,-144,40091,29109,767,10215
788,330,3,914,-587,40421,30023,770,9628
789,748,6,899,-157,41169,30922,776,9471
790,668,5,435,228,41837,31357,781,9699
791,734,21,627,86,42571,31984,802,9785
792,800,5,396,399,43371,32380,807,10184
793,808,2,474,332,44179,32854,809,10516
794,308,0,995,-687,44487,33849,809,9829
795,558,19,654,-115,45045,34503,828,9714
796,646,23,906,-283,45691,35409,851,9431
797,367,4,882,-519,46058,36291,855,8912
798,397,8,636,-247,46455,36927,863,8665
799,872,1,101,770,47327,37028,864,9435
800,364,0,626,-262,47691,37654,864,9173
801,374,0,153,221,48065,37807,864,9394
802,602,0,922,-320,48667,38729,864,9074
803,299,4,452,-157,48966,39181,868,8917
804,741,7,715,19,49707,39896,875,8936
805,775,4,831,-60,50482,40727,879,8876
806,699,5,734,-40,51181,41461,884,8836
807,367,5,996,-634,51548,42457,889,8202
808,228,9,861,-642,51776,43318,898,7560
809,741,12,723,6,52517,44041,910,7566
810,878,12,845,21,53395,44886,922,7587
811,764,4,334,426,54159,45220,926,8013
812,1648,22,849,777,55807,46069,948,8790
813,992,2,814,176,56799,46883,950,8966
814,1086,2,591,493,57885,47474,952,9459
815,1388,7,1203,178,59273,48677,959,9637
816,1171,8,1214,-51,60444,49891,967,9586
817,731,6,521,204,61175,50412,973,9790
818,908,20,544,344,62083,50956,993,10134
819,960,33,685,242,63043,51641,1026,10376
820,1029,20,921,88,64072,52562,1046,10464
821,1283,2,904,377,65355,53466,1048,10841
822,855,5,624,226,66210,54090,1053,11067
823,600,14,817,-231,66810,54907,1067,10836
824,1256,6,1175,75,68066,56082,1073,10911
825,1434,4,1012,418,69500,57094,1077,11329
826,1277,13,897,367,70777,57991,1090,11696
827,987,1,830,156,71764,58821,1091,11852
828,1132,1,736,395,72896,59557,1092,12247
829,1052,1,1186,-135,73948,60743,1093,12112
830,716,4,628,84,74664,61371,1097,12196
831,925,3,771,151,75589,62142,1100,12347
832,903,2,940,-39,76492,63082,1102,12308
833,702,10,516,176,77194,63598,1112,12484
834,903,0,716,187,78097,64314,1112,12671
835,601,0,676,-75,78698,64990,1112,12596
836,892,43,1172,-323,79590,66162,1155,12273
837,403,0,828,-425,79993,66990,1155,11848
838,1329,2,1152,175,81322,68142,1157,12023
839,1233,2,1180,51,82555,69322,1159,12074
840,1024,11,1241,-228,83579,70563,1170,11846
841,1504,3,1204,297,85083,71767,1173,12143
842,1167,1,912,254,86250,72679,1174,12397
843,1232,2,1114,116,87482,73793,1176,12513
844,1079,2,1041,36,88561,74834,1178,12549
845,1100,8,1081,11,89661,75915,1186,12560
846,1470,11,1359,100,91131,77274,1197,12660
847,1416,2,1202,212,92547,78476,1199,12872
848,1823,4,911,908,94370,79387,1203,13780
849,1731,6,1174,551,96101,80561,1209,14331
850,1467,8,947,512,97568,81508,1217,14843
851,1475,11,1059,405,99043,82567,1228,15248
852,1540,15,958,567,100583,83525,1243,15815
853,1755,11,1058,686,102338,84583,1254,16501
854,2202,11,1348,843,104540,85931,1265,17344
855,3095,27,1090,1978,107635,87021,1292,19322
856,3460,42,2141,1277,111095,89162,1334,20599
857,1491,11,1581,-101,112586,90743,1345,20498
858,1486,28,1624,-166,114072,92367,1373,20332
859,1684,24,1358,302,115756,93725,1397,20634
860,1814,13,1484,317,117570,95209,1410,20951
861,1228,73,1593,-438,118798,96802,1483,20513
862,2441,8,1358,1075,121239,98160,1491,21588
863,1809,16,2115,-322,123048,100275,1507,21266
864,2328,8,1763,557,125376,102038,1515,21823
865,2022,2,1231,789,127398,103269,1517,22612
866,3925,13,2244,1668,131323,105513,1530,24280
867,3198,105,1793,1300,134521,107306,1635,25580
868,4534,163,2284,2087,139055,109590,1798,27667
869,3834,5,2234,1595,142889,111824,1803,29262
870,4601,28,2657,1916,147490,114481,1831,31178
871,2848,62,2457,329,150338,116938,1893,31507
872,2969,5,2536,428,153307,119474,1898,31935
873,2068,78,2305,-315,155375,121779,1976,31620
874,2241,10,1890,341,157616,123669,1986,31961
875,2020,17,2359,-356,159636,126028,2003,31605
876,2117,28,2674,-585,161753,128702,2031,31020
877,3971,4,3114,853,165724,131816,2035,31873
878,1987,2,2074,-89,167711,133890,2037,31784
879,1498,12,3218,-1732,169209,137108,2049,30052
880,776,17,2127,-1368,169985,139235,2066,28684
881,661,16,1059,-414,170646,140294,2082,28270
882,1060,18,1127,-85,171706,141421,2100,28185
883,683,5,1576,-898,172389,142997,2105,27287
884,1736,2,2481,-747,174125,145478,2107,26540
885,881,6,1684,-809,175006,147162,2113,25731
886,947,5,1265,-323,175953,148427,2118,25408
887,4032,14,2099,1919,179985,150526,2132,27327
888,4333,3,2688,1642,184318,153214,2135,28969
889,4210,9,3334,867,188528,156548,2144,29836
890,3846,25,2552,1269,192374,159100,2169,31105
891,974,5,1524,-555,193348,160624,2174,30550
892,1021,4,1598,-581,194369,162222,2178,29969
893,3813,16,2819,978,198182,165041,2194,30947
894,4334,23,2045,2266,202516,167086,2217,33213
895,2192,7,1376,809,204708,168462,2224,34022
896,2544,73,1082,1389,207252,169544,2297,35411
897,2314,7,867,1440,209566,170411,2304,36851
898,876,5,651,220,210442,171062,2309,37071
899,771,51,535,185,211213,171597,2360,37256
900,1662,4,1692,-34,212875,173289,2364,37222
901,1654,49,2231,-626,214529,175520,2413,36596
902,1895,49,2255,-409,216424,177775,2462,36187
903,1731,45,1191,495,218155,178966,2507,36682
904,1785,7,1686,92,219940,180652,2514,36774
905,1094,1,1303,-210,221034,181955,2515,36564
906,1365,2,538,825,222399,182493,2517,37389
907,1739,72,1940,-273,224138,184433,2589,37116
908,1787,50,1004,733,225925,185437,2639,37849
909,1570,24,1239,307,227495,186676,2663,38156
910,781,6,4212,-3437,228276,190888,2669,34719
911,1357,43,2495,-1181,229633,193383,2712,33538
912,925,2,1587,-664,230558,194970,2714,32874
913,1133,6,944,183,231691,195914,2720,33057
914,1334,20,1561,-247,233025,197475,2740,32810
915,1617,35,2142,-560,234642,199617,2775,32250
916,1347,36,4155,-2844,235989,203772,2811,29406
917,1261,44,1185,32,237250,204957,2855,29438
918,1361,34,957,370,238611,205914,2889,29808
919,822,7,1711,-896,239433,207625,2896,28912
920,517,21,1323,-827,239950,208948,2917,28085
921,1253,48,1060,145,241203,210008,2965,28230
922,1216,41,1389,-214,242419,211397,3006,28016
923,1329,7,2464,-1142,243748,213861,3013,26874
924,1172,12,1146,14,244920,215007,3025,26888
925,855,1,1494,-640,245775,216501,3026,26248
926,476,102,1181,-807,246251,217682,3128,25441
927,534,7,836,-309,246785,218518,3135,25132
928,1610,6,1368,236,248395,219886,3141,25368
929,911,8,1037,-134,249306,220923,3149,25234
930,975,6,724,245,250281,221647,3155,25479
931,904,75,1156,-327,251185,222803,3230,25152
932,661,5,482,174,251846,223285,3235,25326
933,360,5,389,-34,252206,223674,3240,25292
934,338,4,294,40,252544,223968,3244,25332
935,910,5,689,216,253454,224657,3249,25548
936,963,68,647,248,254417,225304,3317,25796
937,811,2,725,84,255228,226029,3319,25880
938,673,13,1180,-520,255901,227209,3332,25360
939,931,22,451,458,256832,227660,3354,25818
940,997,7,475,515,257829,228135,3361,26333
941,747,5,665,77,258576,228800,3366,26410
942,1470,25,362,1083,260046,229162,3391,27493
943,1456,23,1116,317,261502,230278,3414,27810
944,1568,17,637,914,263070,230915,3431,28724
945,1216,42,1351,-177,264286,232266,3473,28547
946,998,5,612,381,265284,232878,3478,28928
947,832,9,696,127,266116,233574,3487,29055
948,769,9,407,353,266885,233981,3496,29408
949,1422,8,852,562,268307,234833,3504,29970
950,1399,15,649,735,269706,235482,3519,30705
951,1004,44,2304,-1344,270710,237786,3563,29361
952,1358,28,1336,-6,272068,239122,3591,29355
953,1066,23,1031,12,273134,240153,3614,29367
954,630,23,989,-382,273764,241142,3637,28985
955,683,7,396,280,274447,241538,3644,29265
956,1941,16,835,1090,276388,242373,3660,30355
957,1164,17,845,302,277552,243218,3677,30657
958,1354,14,1032,308,278906,244250,3691,30965
959,1119,25,1146,-52,280025,245396,3716,30913
960,1179,29,1178,-28,281204,246574,3745,30885
961,754,5,760,-11,281958,247334,3750,30874
962,672,7,479,186,282630,247813,3757,31060
963,1292,16,944,332,283922,248757,3773,31392
964,912,24,1380,-492,284834,250137,3797,30900
965,995,25,1287,-317,285829,251424,3822,30583
966,1038,6,1591,-559,286867,253015,3828,30024
967,1953,35,1318,600,288820,254333,3863,30624
968,2209,4,1956,249,291029,256289,3867,30873
969,492,8,552,-68,291521,256841,3875,30805
970,1070,16,2212,-1158,292591,259053,3891,29647
971,1373,18,1073,282,293964,260126,3909,29929
972,814,22,769,23,294778,260895,3931,29952
973,400,10,602,-212,295178,261497,3941,29740
974,610,2,675,-67,295788,262172,3943,29673
975,723,9,591,123,296511,262763,3952,29796
976,792,6,422,364,297303,263185,3958,30160
977,1361,26,1143,192,298664,264328,3984,30352
978,1119,39,1602,-522,299783,265930,4023,29830
979,1219,8,1518,-307,301002,267448,4031,29523
980,1332,14,1323,-5,302334,268771,4045,29518
981,1085,16,1482,-413,303419,270253,4061,29105
982,997,15,637,345,304416,270890,4076,29450
983,970,6,709,255,305386,271599,4082,29705
984,1420,19,1449,-48,306806,273048,4101,29657
985,1024,13,1017,-6,307830,274065,4114,29651
986,660,10,661,-11,308490,274726,4124,29640
987,1370,15,1056,299,309860,275782,4139,29939
988,1206,18,920,268,311066,276702,4157,30207
989,927,7,891,29,311993,277593,4164,30236
990,640,10,481,149,312633,278074,4174,30385
991,1316,24,1205,87,313949,279279,4198,30472
992,892,10,2039,-1157,314841,281318,4208,29315
993,930,22,2875,-1967,315771,284193,4230,27348
994,1176,26,7632,-6482,316947,291825,4256,20866
995,952,22,1736,-806,317899,293561,4278,20060
996,993,16,700,277,318892,294261,4294,20337
997,870,15,356,499,319762,294617,4309,20836
998,1790,22,974,794,321552,295591,4331,21630
999,1073,26,999,48,322625,296590,4357,21678
1000,1562,11,849,702,324187,297439,4368,22380
1001,1334,19,1258,57,325521,298697,4387,22437
1002,1302,14,1460,-172,326823,300157,4401,22265
1003,876,12,768,96,327699,300925,4413,22361
1004,1243,9,711,523,328942,301636,4422,22884
1005,1532,16,1757,-241,330474,303393,4438,22643
1006,1793,11,1286,496,332267,304679,4449,23139
1007,2599,15,1511,1073,334866,306190,4464,24212
1008,2800,17,1105,1678,337666,307295,4481,25890
1009,2791,48,1299,1444,340457,308594,4529,27334
1010,2104,15,1045,1044,342561,309639,4544,28378
1011,2009,62,1005,942,344570,310644,4606,29320
1012,2719,28,1252,1439,347289,311896,4634,30759
1013,3432,69,995,2368,350721,312891,4703,33127
1014,2911,38,1044,1829,353632,313935,4741,34956
1015,3053,84,1666,1303,356685,315601,4825,36259
1016,3846,84,1260,2502,360531,316861,4909,38761
1017,3787,75,1196,2516,364318,318057,4984,41277
1018,3988,94,1261,2633,368306,319318,5078,43910
1019,4771,73,1190,3508,373077,320508,5151,47418
1020,3908,112,1139,2657,376985,321647,5263,50075
1021,4473,91,2206,2176,381458,323853,5354,52251
1022,6179,64,1298,4817,387637,325151,5418,57068
1023,4920,37,1594,3289,392557,326745,5455,60357
1024,5393,37,2274,3082,397950,329019,5492,63439
1025,4458,66,2124,2268,402408,331143,5558,65707
1026,6971,38,1666,5267,409379,332809,5596,70974
1027,7239,49,3523,3667,416618,336332,5645,74641
1028,8591,68,3715,4808,425209,340047,5713,79449
1029,7772,136,3257,4379,432981,343304,5849,83828
1030,7401,160,4967,2274,440382,348271,6009,86102
1031,4926,165,3992,769,445308,352263,6174,86871
1032,6704,271,3618,2815,452012,355881,6445,89686
1033,7939,171,4446,3322,459951,360327,6616,93008
1034,7193,144,4173,2876,467144,364500,6760,95884
1035,10444,142,4117,6185,477588,368617,6902,102069
1036,11099,126,5128,5845,488687,373745,7028,107914
1037,10729,137,7338,3254,499416,381083,7165,111168
1038,9399,84,4888,4427,508815,385971,7249,115595
1039,7776,91,3937,3748,516591,389908,7340,119343
1040,7288,82,5217,1989,523879,395125,7422,121332
1041,6928,70,3064,3794,530807,398189,7492,125126
1042,5950,119,6893,-1062,536757,405082,7611,124064
1043,10499,141,7308,3050,547256,412390,7752,127114
1044,8925,156,6879,1890,556181,419269,7908,129004
1045,7587,115,6785,687,563768,426054,8023,129691
1046,5302,123,5139,40,569070,431193,8146,129731
1047,4368,226,4887,-745,573438,436080,8372,128986
1048,8589,309,9334,-1054,582027,445414,8681,127932
1049,8366,205,8066,95,590393,453480,8886,128027
1050,7519,210,7844,-535,597912,461324,9096,127492
1051,6912,88,7435,-611,604824,468759,9184,126881
1052,4204,179,6937,-2912,609028,475696,9363,123969
1053,2769,189,3452,-872,611797,479148,9552,123097
1054,2341,127,6223,-4009,614138,485371,9679,119088
1055,4301,139,5088,-926,618439,490459,9818,118162
1056,3994,142,5382,-1530,622433,495841,9960,116632
1057,4718,173,9637,-5092,627151,505478,10133,111540
1058,4580,107,8027,-3554,631731,513505,10240,107986
1059,3004,79,4925,-2000,634735,518430,10319,105986
1060,2248,58,18813,-16623,636983,537243,10377,89363
1061,2422,120,8808,-6506,639405,546051,10497,82857
1062,4163,491,7445,-3773,643568,553496,10988,79084
1063,3174,120,8120,-5066,646742,561616,11108,74018
1064,1867,90,4525,-2748,648609,566141,11198,71270
1065,2968,70,8764,-5866,651577,574905,11268,65404
1066,2163,43,2507,-387,653740,577412,11311,65017
1067,1298,46,2104,-852,655038,579516,11357,64165
1068,2095,65,4163,-2133,657133,583679,11422,62032
1069,1644,90,3899,-2345,658777,587578,11512,59687
1070,1374,48,4677,-3351,660151,592255,11560,56336
1071,9,3,1,5,9,1,3,5
1072,0,1,23,-24,9,24,4,-19
1073,0,1,14,-15,9,38,5,-34
1074,0,3,8,-11,9,46,8,-45
1075,0,3,1,-4,9,47,11,-49
1076,0,0,0,0,9,47,11,-49
1077,0,0,0,0,9,47,11,-49
1078,0,0,0,0,9,47,11,-49
1079,0,0,0,0,9,47,11,-49
1080,0,0,4,-4,9,51,11,-53
1081,0,0,8,-8,9,59,11,-61
1082,0,0,0,0,9,59,11,-61
1083,0,0,0,0,9,59,11,-61
1084,0,0,0,0,9,59,11,-61
1085,0,0,0,0,9,59,11,-61
1086,0,0,0,0,9,59,11,-61
1087,0,0,0,0,9,59,11,-61
1088,0,0,0,0,9,59,11,-61
1089,0,0,0,0,9,59,11,-61
1090,0,0,0,0,9,59,11,-61
1091,0,0,0,0,9,59,11,-61
1092,0,0,0,0,9,59,11,-61
1093,0,0,0,0,9,59,11,-61
1094,0,0,0,0,9,59,11,-61
1095,0,0,0,0,9,59,11,-61
1096,0,0,0,0,9,59,11,-61
1097,0,0,2,-2,9,61,11,-63
1098,0,0,0,0,9,61,11,-63
1099,0,0,0,0,9,61,11,-63
1100,0,0,4,-4,9,65,11,-67
1101,0,0,0,0,9,65,11,-67
1102,0,0,13,-13,9,78,11,-80
1103,0,4,27,-31,9,105,15,-111
1104,0,0,20,-20,9,125,15,-131
1105,0,3,7,-10,9,132,18,-141
1106,0,5,0,-5,9,132,23,-146
1107,0,0,0,0,9,132,23,-146
1108,0,0,0,0,9,132,23,-146
1109,0,0,0,0,9,132,23,-146
1110,0,0,0,0,9,132,23,-146
1111,0,0,0,0,9,132,23,-146
1112,0,0,0,0,9,132,23,-146
1113,0,0,0,0,9,132,23,-146
1114,0,0,0,0,9,132,23,-146
1115,0,0,0,0,9,132,23,-146
1116,0,0,0,0,9,132,23,-146
1117,0,0,0,0,9,132,23,-146
1118,0,0,0,0,9,132,23,-146
1119,0,0,0,0,9,132,23,-146
1120,0,0,0,0,9,132,23,-146
1121,0,0,0,0,9,132,23,-146
1122,0,0,0,0,9,132,23,-146
1123,0,0,0,0,9,132,23,-146
1124,0,0,0,0,9,132,23,-146
1125,0,0,0,0,9,132,23,-146
1126,0,0,0,0,9,132,23,-146
1127,0,0,0,0,9,132,23,-146
1128,0,0,0,0,9,132,23,-146
1129,0,0,0,0,9,132,23,-146
1130,0,0,0,0,9,132,23,-146
1131,0,2,0,-2,9,132,25,-148
1132,0,2,27,-29,9,159,27,-177
1133,0,1,19,-20,9,178,28,-197
1134,0,0,9,-9,9,187,28,-206
1135,0,2,8,-10,9,195,30,-216
1136,0,0,0,0,9,195,30,-216
1137,0,0,0,0,9,195,30,-216
1138,0,0,0,0,9,195,30,-216
1139,0,0,0,0,9,195,30,-216
1140,0,0,0,0,9,195,30,-216
1141,7,1,0,6,16,195,31,-210
1142,3,0,0,3,19,195,31,-207
1143,9,0,0,9,28,195,31,-198
1144,8,0,0,8,36,195,31,-190
1145,14,0,0,14,50,195,31,-176
1146,2,1,0,1,52,195,32,-175
1147,3,1,0,2,55,195,33,-173
1148,9,0,1,8,64,196,33,-165
1149,13,1,0,12,77,196,34,-153
1150,3,1,0,2,80,196,35,-151
1151,14,2,2,10,94,198,37,-141
1152,12,1,28,-17,106,226,38,-158
1153,7,2,0,5,113,226,40,-153
1154,1,0,0,1,114,226,40,-152
1155,9,4,77,-72,123,303,44,-224
1156,0,12,91,-103,123,394,56,-327
1157,47,1,7,39,170,401,57,-288
1158,5,2,3,0,175,404,59,-288
1159,35,2,8,25,210,412,61,-263
1160,9,5,11,-7,219,423,66,-270
1161,5,5,2,-2,224,425,71,-272
1162,15,24,15,-24,239,440,95,-296
1163,36,12,43,-19,275,483,107,-315
1164,30,4,34,-8,305,517,111,-323
1165,15,9,27,-21,320,544,120,-344
1166,111,1,7,103,431,551,121,-241
1167,52,3,6,43,483,557,124,-198
1168,36,2,10,24,519,567,126,-174
1169,25,4,4,17,544,571,130,-157
1170,13,5,3,5,557,574,135,-152
1171,10,6,3,1,567,577,141,-151
1172,34,3,7,24,601,584,144,-127
1173,43,6,2,35,644,586,150,-92
1174,5,3,1,1,649,587,153,-91
1175,10,5,2,3,659,589,158,-88
1176,36,5,30,1,695,619,163,-87
1177,27,4,12,11,722,631,167,-76
1178,20,11,14,-5,742,645,178,-81
1179,75,7,19,49,817,664,185,-32
1180,19,8,4,7,836,668,193,-25
1181,12,5,9,-2,848,677,198,-27
1182,58,1,21,36,906,698,199,9
1183,20,3,10,7,926,708,202,16
1184,75,5,8,62,1001,716,207,78
1185,83,5,33,45,1084,749,212,123
1186,7,10,46,-49,1091,795,222,74
1187,77,6,9,62,1168,804,228,136
1188,13,8,7,-2,1181,811,236,134
1189,41,7,21,13,1222,832,243,147
1190,48,13,11,24,1270,843,256,171
1191,34,14,9,11,1304,852,270,182
1192,30,19,46,-35,1334,898,289,147
1193,158,12,63,83,1492,961,301,230
1194,78,7,48,23,1570,1009,308,253
1195,54,13,70,-29,1624,1079,321,224
1196,111,11,28,72,1735,1107,332,296
1197,141,7,47,87,1876,1154,339,383
1198,85,14,17,54,1961,1171,353,437
1199,57,13,12,32,2018,1183,366,469
1200,168,11,24,133,2186,1207,377,602
1201,57,11,30,16,2243,1237,388,618
1202,124,13,15,96,2367,1252,401,714
1203,84,13,48,23,2451,1300,414,737
1204,124,19,43,62,2575,1343,433,799
1205,431,14,13,404,3006,1356,447,1203
1206,155,9,51,95,3161,1407,456,1298
1207,465,21,90,354,3626,1497,477,1652
1208,72,11,55,6,3698,1552,488,1658
1209,200,15,34,151,3898,1586,503,1809
1210,86,14,67,5,3984,1653,517,1814
1211,166,15,44,107,4150,1697,532,1921
1212,168,13,55,100,4318,1752,545,2021
1213,132,8,52,72,4450,1804,553,2093
1214,180,12,54,114,4630,1858,565,2207
1215,232,16,203,13,4862,2061,581,2220
1216,95,16,96,-17,4957,2157,597,2203
1217,171,19,298,-146,5128,2455,616,2057
1218,173,14,304,-145,5301,2759,630,1912
1219,108,15,179,-86,5409,2938,645,1826
1220,144,22,172,-50,5553,3110,667,1776
1221,84,19,117,-52,5637,3227,686,1724
1222,271,18,147,106,5908,3374,704,1830
1223,319,20,161,138,6227,3535,724,1968
1224,189,25,127,37,6416,3662,749,2005
1225,275,29,203,43,6691,3865,778,2048
1226,251,33,88,130,6942,3953,811,2178
1227,245,29,185,31,7187,4138,840,2209
1228,219,23,93,103,7406,4231,863,2312
1229,194,22,63,109,7600,4294,885,2421
1230,312,30,95,187,7912,4389,915,2608
1231,205,22,59,124,8117,4448,937,2732
1232,210,26,240,-56,8327,4688,963,2676
1233,319,23,269,27,8646,4957,986,2703
1234,196,22,115,59,8842,5072,1008,2762
1235,300,18,257,25,9142,5329,1026,2787
1236,131,16,126,-11,9273,5455,1042,2776
1237,329,11,116,202,9602,5571,1053,2978
1238,241,17,130,94,9843,5701,1070,3072
1239,183,19,161,3,10026,5862,1089,3075
1240,304,23,135,146,10330,5997,1112,3221
1241,360,32,186,142,10690,6183,1144,3363
1242,287,25,106,156,10977,6289,1169,3519
1243,236,21,182,33,11213,6471,1190,3552
1244,226,21,102,103,11439,6573,1211,3655
1245,394,24,198,172,11833,6771,1235,3827
1246,305,25,116,164,12138,6887,1260,3991
1247,342,28,222,92,12480,7109,1288,4083
1248,372,20,160,192,12852,7269,1308,4275
1249,384,31,155,198,13236,7424,1339,4473
1250,411,14,262,135,13647,7686,1353,4608
1251,280,18,219,43,13927,7905,1371,4651
1252,321,21,153,147,14248,8058,1392,4798
1253,393,16,164,213,14641,8222,1408,5011
1254,416,27,180,209,15057,8402,1435,5220
1255,295,17,311,-33,15352,8713,1452,5187
1256,392,19,310,63,15744,9023,1471,5250
1257,388,21,261,106,16132,9284,1492,5356
1258,197,22,165,10,16329,9449,1514,5366
1259,278,26,272,-20,16607,9721,1540,5346
1260,261,39,315,-93,16868,10036,1579,5253
1261,191,17,254,-80,17059,10290,1596,5173
1262,249,21,306,-78,17308,10596,1617,5095
1263,257,26,224,7,17565,10820,1643,5102
1264,302,44,285,-27,17867,11105,1687,5075
1265,287,25,258,4,18154,11363,1712,5079
1266,305,25,370,-90,18459,11733,1737,4989
1267,359,32,311,16,18818,12044,1769,5005
1268,323,37,363,-77,19141,12407,1806,4928
1269,563,31,349,183,19704,12756,1837,5111
1270,270,22,353,-105,19974,13109,1859,5006
1271,302,33,260,9,20276,13369,1892,5015
1272,286,18,309,-41,20562,13678,1910,4974
1273,273,31,311,-69,20835,13989,1941,4905
1274,286,19,366,-99,21121,14355,1960,4806
1275,315,20,283,12,21436,14638,1980,4818
1276,294,22,261,11,21730,14899,2002,4829
1277,581,19,238,324,22311,15137,2021,5153
1278,330,23,220,87,22641,15357,2044,5240
1279,321,16,259,46,22962,15616,2060,5286
1280,391,19,246,126,23353,15862,2079,5412
1281,414,11,347,56,23767,16209,2090,5468
1282,265,19,490,-244,24032,16699,2109,5224
1283,365,21,576,-232,24397,17275,2130,4992
1284,402,24,345,33,24799,17620,2154,5025
1285,367,29,317,21,25166,17937,2183,5046
1286,298,18,382,-102,25464,18319,2201,4944
1287,288,22,278,-12,25752,18597,2223,4932
1288,298,34,450,-186,26050,19047,2257,4746
1289,327,36,569,-278,26377,19616,2293,4468
1290,402,41,359,2,26779,19975,2334,4470
1291,416,27,366,23,27195,20341,2361,4493
1292,471,23,389,59,27666,20730,2384,4552
1293,313,27,389,-103,27979,21119,2411,4449
1294,318,24,363,-69,28297,21482,2435,4380
1295,338,27,485,-174,28635,21967,2462,4206
1296,366,25,368,-27,29001,22335,2487,4179
1297,451,39,367,45,29452,22702,2526,4224
1298,343,30,382,-69,29795,23084,2556,4155
1299,282,28,369,-115,30077,23453,2584,4040
1300,340,22,491,-173,30417,23944,2606,3867
1301,364,20,460,-116,30781,24404,2626,3751
1302,322,31,398,-107,31103,24802,2657,3644
1303,362,31,353,-22,31465,25155,2688,3622
1304,424,32,337,55,31889,25492,2720,3677
1305,616,25,264,327,32505,25756,2745,4004
1306,458,34,398,26,32963,26154,2779,4030
1307,315,38,493,-216,33278,26647,2817,3814
1308,351,19,405,-73,33629,27052,2836,3741
1309,359,17,361,-19,33988,27413,2853,3722
1310,371,34,331,6,34359,27744,2887,3728
1311,330,43,347,-60,34689,28091,2930,3668
1312,322,26,336,-40,35011,28427,2956,3628
1313,306,32,391,-117,35317,28818,2988,3511
1314,290,26,375,-111,35607,29193,3014,3400
1315,425,27,348,50,36032,29541,3041,3450
1316,356,40,391,-75,36388,29932,3081,3375
1317,370,27,316,27,36758,30248,3108,3402
1318,370,34,359,-23,37128,30607,3142,3379
1319,364,24,442,-102,37492,31049,3166,3277
1320,236,30,711,-505,37728,31760,3196,2772
1321,358,31,346,-19,38086,32106,3227,2753
1322,371,24,346,1,38457,32452,3251,2754
1323,357,24,340,-7,38814,32792,3275,2747
1324,323,29,333,-39,39137,33125,3304,2708
1325,488,23,538,-73,39625,33663,3327,2635
1326,351,31,353,-33,39976,34016,3358,2602
1327,350,21,321,8,40326,34337,3379,2610
1328,336,16,286,34,40662,34623,3395,2644
1329,336,22,379,-65,40998,35002,3417,2579
1330,342,23,335,-16,41340,35337,3440,2563
1331,359,25,363,-29,41699,35700,3465,2534
1332,285,22,374,-111,41984,36074,3487,2423
1333,269,17,344,-92,42253,36418,3504,2331
1334,197,19,460,-282,42450,36878,3523,2049
1335,280,22,451,-193,42730,37329,3545,1856
1336,275,24,322,-71,43005,37651,3569,1785
1337,531,51,565,-85,43536,38216,3620,1700
1338,601,22,372,207,44137,38588,3642,1907
1339,269,22,363,-116,44406,38951,3664,1791
1340,319,15,343,-39,44725,39294,3679,1752
1341,238,18,331,-111,44963,39625,3697,1641
1342,245,8,290,-53,45208,39915,3705,1588
1343,275,9,247,19,45483,40162,3714,1607
1344,326,23,299,4,45809,40461,3737,1611
1345,343,20,328,-5,46152,40789,3757,1606
1346,303,25,378,-100,46455,41167,3782,1506
1347,310,20,371,-81,46765,41538,3802,1425
1348,260,15,317,-72,47025,41855,3817,1353
1349,297,19,317,-39,47322,42172,3836,1314
1350,330,22,365,-57,47652,42537,3858,1257
1351,300,21,346,-67,47952,42883,3879,1190
1352,294,20,372,-98,48246,43255,3899,1092
1353,286,21,402,-137,48532,43657,3920,955
1354,250,22,382,-154,48782,44039,3942,801
1355,236,21,318,-103,49018,44357,3963,698
1356,232,21,351,-140,49250,44708,3984,558
1357,295,12,339,-56,49545,45047,3996,502
1358,332,17,342,-27,49877,45389,4013,475
1359,272,22,380,-130,50149,45769,4035,345
1360,282,22,376,-116,50431,46145,4057,229
1361,292,18,349,-75,50723,46494,4075,154
1362,246,18,269,-41,50969,46763,4093,113
1363,288,13,285,-10,51257,47048,4106,103
1364,286,11,270,5,51543,47318,4117,108
1365,232,15,260,-43,51775,47578,4132,65
1366,242,15,282,-55,52017,47860,4147,10
1367,218,46,542,-370,52235,48402,4193,-360
1368,225,22,277,-74,52460,48679,4215,-434
1369,627,23,345,259,53087,49024,4238,-175
1370,284,12,291,-19,53371,49315,4250,-194
1371,261,24,280,-43,53632,49595,4274,-237
1372,231,15,280,-64,53863,49875,4289,-301
1373,270,9,274,-13,54133,50149,4298,-314
1374,261,13,308,-60,54394,50457,4311,-374
1375,269,24,283,-38,54663,50740,4335,-412
1376,279,21,275,-17,54942,51015,4356,-429
1377,243,28,278,-63,55185,51293,4384,-492
1378,303,25,311,-33,55488,51604,4409,-525
1379,185,21,272,-108,55673,51876,4430,-633
1380,233,24,238,-29,55906,52114,4454,-662
1381,224,21,291,-88,56130,52405,4475,-750
1382,240,21,303,-84,56370,52708,4496,-834
1383,189,10,278,-99,56559,52986,4506,-933
1384,263,30,259,-26,56822,53245,4536,-959
1385,317,29,248,40,57139,53493,4565,-919
1386,372,18,283,71,57511,53776,4583,-848
1387,408,33,248,127,57919,54024,4616,-721
1388,361,26,305,30,58280,54329,4642,-691
1389,354,23,265,66,58634,54594,4665,-625
1390,274,27,276,-29,58908,54870,4692,-654
1391,341,29,268,44,59249,55138,4721,-610
1392,331,29,259,43,59580,55397,4750,-567
1393,378,35,284,59,59958,55681,4785,-508
1394,361,34,283,44,60319,55964,4819,-464
1395,375,43,338,-6,60694,56302,4862,-470
1396,442,32,394,16,61136,56696,4894,-454
1397,393,32,267,94,61529,56963,4926,-360
1398,389,94,675,-380,61918,57638,5020,-740
1399,419,30,403,-14,62337,58041,5050,-754
1400,462,23,317,122,62799,58358,5073,-632
1401,532,36,372,124,63331,58730,5109,-508
1402,586,17,364,205,63917,59094,5126,-303
1403,541,27,395,119,64458,59489,5153,-184
1404,536,31,351,154,64994,59840,5184,-30
1405,572,30,397,145,65566,60237,5214,115
1406,572,45,541,-14,66138,60778,5259,101
1407,670,46,527,97,66808,61305,5305,198
1408,726,31,610,85,67534,61915,5336,283
1409,812,32,444,336,68346,62359,5368,619
1410,765,49,451,265,69111,62810,5417,884
1411,708,30,563,115,69819,63373,5447,999
1412,704,22,501,181,70523,63874,5469,1180
1413,705,47,747,-89,71228,64621,5516,1091
1414,724,45,463,216,71952,65084,5561,1307
1415,832,36,612,184,72784,65696,5597,1491
1416,831,46,598,187,73615,66294,5643,1678
1417,736,50,518,168,74351,66812,5693,1846
1418,643,45,725,-127,74994,67537,5738,1719
1419,803,35,600,168,75797,68137,5773,1887
1420,705,47,618,40,76502,68755,5820,1927
1421,812,44,648,120,77314,69403,5864,2047
1422,731,55,668,8,78045,70071,5919,2055
1423,734,56,514,164,78779,70585,5975,2219
1424,779,48,647,84,79558,71232,6023,2303
1425,675,39,543,93,80233,71775,6062,2396
1426,813,62,602,149,81046,72377,6124,2545
1427,765,56,661,48,81811,73038,6180,2593
1428,957,58,745,154,82768,73783,6238,2747
1429,1644,163,1257,224,84412,75040,6401,2971
1430,862,65,641,156,85274,75681,6466,3127
1431,763,69,678,16,86037,76359,6535,3143
1432,570,49,535,-14,86607,76894,6584,3129
1433,673,49,501,123,87280,77395,6633,3252
1434,675,61,501,113,87955,77896,6694,3365
1435,800,51,906,-157,88755,78802,6745,3208
1436,879,81,560,238,89634,79362,6826,3446
1437,977,70,625,282,90611,79987,6896,3728
1438,1015,51,591,373,91626,80578,6947,4101
1439,946,55,818,73,92572,81396,7002,4174
1440,844,46,485,313,93416,81881,7048,4487
1441,832,68,726,38,94248,82607,7116,4525
1442,885,75,883,-73,95133,83490,7191,4452
1443,1007,66,766,175,96140,84256,7257,4627
1444,1256,69,788,399,97396,85044,7326,5026
1445,1219,48,707,464,98615,85751,7374,5490
1446,906,50,766,90,99521,86517,7424,5580
1447,863,39,705,119,100384,87222,7463,5699
1448,946,53,675,218,101330,87897,7516,5917
1449,940,59,700,181,102270,88597,7575,6098
1450,1122,52,914,156,103392,89511,7627,6254
1451,1046,52,813,181,104438,90324,7679,6435
1452,935,34,886,15,105373,91210,7713,6450
1453,895,44,765,86,106268,91975,7757,6536
1454,890,35,726,129,107158,92701,7792,6665
1455,933,57,744,132,108091,93445,7849,6797
1456,1089,44,770,275,109180,94215,7893,7072
1457,1035,45,753,237,110215,94968,7938,7309
1458,997,33,932,32,111212,95900,7971,7341
1459,854,38,804,12,112066,96704,8009,7353
1460,851,33,710,108,112917,97414,8042,7461
1461,669,36,929,-296,113586,98343,8078,7165
1462,809,51,918,-160,114395,99261,8129,7005
1463,719,64,662,-7,115114,99923,8193,6998
1464,595,57,874,-336,115709,100797,8250,6662
1465,753,61,835,-143,116462,101632,8311,6519
1466,693,62,678,-47,117155,102310,8373,6472
1467,569,32,696,-159,117724,103006,8405,6313
1468,666,26,753,-113,118390,103759,8431,6200
1469,447,25,349,73,118837,104108,8456,6273
1470,605,21,386,198,119442,104494,8477,6471
1471,1051,46,455,550,120493,104949,8523,7021
1472,778,93,577,108,121271,105526,8616,7129
1473,559,32,490,37,121830,106016,8648,7166
1474,516,37,395,84,122346,106411,8685,7250
1475,432,36,473,-77,122778,106884,8721,7173
1476,473,16,287,170,123251,107171,8737,7343
1477,579,15,265,299,123830,107436,8752,7642
1478,559,22,385,152,124389,107821,8774,7794
1479,571,24,635,-88,124960,108456,8798,7706
1480,625,32,570,23,125585,109026,8830,7729
1481,446,26,534,-114,126031,109560,8856,7615
1482,434,44,645,-255,126465,110205,8900,7360
1483,546,35,492,19,127011,110697,8935,7379
1484,580,30,697,-147,127591,111394,8965,7232
1485,556,37,560,-41,128147,111954,9002,7191
1486,543,21,599,-77,128690,112553,9023,7114
1487,445,20,444,-19,129135,112997,9043,7095
1488,324,26,555,-257,129459,113552,9069,6838
1489,341,21,420,-100,129800,113972,9090,6738
1490,412,21,652,-261,130212,114624,9111,6477
1491,430,25,480,-75,130642,115104,9136,6402
1492,404,21,439,-56,131046,115543,9157,6346
1493,404,16,447,-59,131450,115990,9173,6287
1494,393,25,466,-98,131843,116456,9198,6189
1495,328,16,380,-68,132171,116836,9214,6121
1496,328,23,410,-105,132499,117246,9237,6016
1497,391,22,434,-65,132890,117680,9259,5951
1498,400,18,481,-99,133290,118161,9277,5852
1499,341,17,384,-60,133631,118545,9294,5792
1500,339,15,419,-95,133970,118964,9309,5697
1501,346,18,362,-34,134316,119326,9327,5663
1502,278,14,214,50,134594,119540,9341,5713
1503,257,20,292,-55,134851,119832,9361,5658
1504,291,24,248,19,135142,120080,9385,5677
1505,321,89,1005,-773,135463,121085,9474,4904
1506,339,38,820,-519,135802,121905,9512,4385
1507,305,47,356,-98,136107,122261,9559,4287
1508,289,74,333,-118,136396,122594,9633,4169
1509,292,22,552,-282,136688,123146,9655,3887
1510,270,28,322,-80,136958,123468,9683,3807
1511,238,27,376,-165,137196,123844,9710,3642
1512,289,23,564,-298,137485,124408,9733,3344
1513,348,21,345,-18,137833,124753,9754,3326
1514,340,26,403,-89,138173,125156,9780,3237
1515,275,17,452,-194,138448,125608,9797,3043
1516,266,19,339,-92,138714,125947,9816,2951
1517,251,30,811,-590,138965,126758,9846,2361
1518,279,31,494,-246,139244,127252,9877,2115
1519,301,37,273,-9,139545,127525,9914,2106
1520,281,24,233,24,139826,127758,9938,2130
1521,274,25,228,21,140100,127986,9963,2151
1522,230,21,222,-13,140330,128208,9984,2138
1523,221,21,196,4,140551,128404,10005,2142
1524,230,30,233,-33,140781,128637,10035,2109
1525,295,25,216,54,141076,128853,10060,2163
1526,346,45,370,-69,141422,129223,10105,2094
1527,297,26,219,52,141719,129442,10131,2146
1528,308,19,249,40,142027,129691,10150,2186
1529,277,28,225,24,142304,129916,10178,2210
1530,249,23,341,-115,142553,130257,10201,2095
1531,251,35,251,-35,142804,130508,10236,2060
1532,249,32,225,-8,143053,130733,10268,2052
1533,262,23,279,-40,143315,131012,10291,2012
1534,294,27,228,39,143609,131240,10318,2051
1535,290,23,311,-44,143899,131551,10341,2007
1536,285,27,250,8,144184,131801,10368,2015
1537,241,20,224,-3,144425,132025,10388,2012
1538,253,30,235,-12,144678,132260,10418,2000
1539,258,37,212,9,144936,132472,10455,2009
1540,303,28,230,45,145239,132702,10483,2054
1541,291,25,235,31,145530,132937,10508,2085
1542,300,28,263,9,145830,133200,10536,2094
1543,257,18,299,-60,146087,133499,10554,2034
1544,236,20,216,0,146323,133715,10574,2034
1545,247,24,263,-40,146570,133978,10598,1994
1546,237,27,245,-35,146807,134223,10625,1959
1547,297,24,260,13,147104,134483,10649,1972
1548,325,26,253,46,147429,134736,10675,2018
1549,316,22,265,29,147745,135001,10697,2047
1550,231,21,202,8,147976,135203,10718,2055
1551,206,29,208,-31,148182,135411,10747,2024
1552,215,20,252,-57,148397,135663,10767,1967
1553,290,33,250,7,148687,135913,10800,1974
1554,271,28,226,17,148958,136139,10828,1991
1555,255,28,249,-22,149213,136388,10856,1969
1556,232,22,283,-73,149445,136671,10878,1896
1557,225,20,207,-2,149670,136878,10898,1894
1558,230,19,196,15,149900,137074,10917,1909
1559,206,21,213,-28,150106,137287,10938,1881
1560,258,34,215,9,150364,137502,10972,1890
1561,248,22,224,2,150612,137726,10994,1892
1562,148,12,151,-15,150760,137877,11006,1877
1563,141,15,174,-48,150901,138051,11021,1829
1564,183,29,322,-168,151084,138373,11050,1661
1565,164,17,164,-17,151248,138537,11067,1644
1566,202,25,273,-96,151450,138810,11092,1548
1567,227,22,230,-25,151677,139040,11114,1523
1568,254,32,195,27,151931,139235,11146,1550
1569,259,22,243,-6,152190,139478,11168,1544
1570,244,16,177,51,152434,139655,11184,1595
1571,233,16,196,21,152667,139851,11200,1616
1572,228,17,204,7,152895,140055,11217,1623
1573,227,20,205,2,153122,140260,11237,1625
1574,217,24,183,10,153339,140443,11261,1635
1575,257,21,126,110,153596,140569,11282,1745
1576,218,25,182,11,153814,140751,11307,1756
1577,246,21,206,19,154060,140957,11328,1775
1578,255,20,295,-60,154315,141252,11348,1715
1579,217,18,159,40,154532,141411,11366,1755
1580,249,31,226,-8,154781,141637,11397,1747
1581,225,24,208,-7,155006,141845,11421,1740
1582,239,29,206,4,155245,142051,11450,1744
1583,260,25,208,27,155505,142259,11475,1771
1584,301,25,255,21,155806,142514,11500,1792
1585,244,27,180,37,156050,142694,11527,1829
1586,276,22,191,63,156326,142885,11549,1892
1587,301,27,197,77,156627,143082,11576,1969
1588,389,35,249,105,157016,143331,11611,2074
1589,401,34,217,150,157417,143548,11645,2224
1590,425,33,228,164,157842,143776,11678,2388
1591,441,38,256,147,158283,144032,11716,2535
1592,358,30,198,130,158641,144230,11746,2665
1593,418,31,296,91,159059,144526,11777,2756
1594,403,35,280,88,159462,144806,11812,2844
1595,499,41,245,213,159961,145051,11853,3057
1596,702,49,256,397,160663,145307,11902,3454
1597,722,58,338,326,161385,145645,11960,3780
1598,731,40,409,282,162116,146054,12000,4062
1599,693,45,345,303,162809,146399,12045,4365
1600,739,53,376,310,163548,146775,12098,4675
1601,719,55,366,298,164267,147141,12153,4973
1602,746,44,383,319,165013,147524,12197,5292
1603,873,57,422,394,165886,147946,12254,5686
1604,945,57,393,495,166831,148339,12311,6181
1605,975,56,508,411,167806,148847,12367,6592
1606,989,54,577,358,168795,149424,12421,6950
1607,889,67,493,329,169684,149917,12488,7279
1608,1081,67,557,457,170765,150474,12555,7736
1609,1065,88,632,345,171830,151106,12643,8081
1610,1203,104,753,346,173033,151859,12747,8427
1611,1397,77,695,625,174430,152554,12824,9052
1612,1388,88,797,503,175818,153351,12912,9555
1613,1439,89,743,607,177257,154094,13001,10162
1614,1468,103,733,632,178725,154827,13104,10794
1615,1543,118,1095,330,180268,155922,13222,11124
1616,1808,123,1269,416,182076,157191,13345,11540
1617,2548,162,1211,1175,184624,158402,13507,12715
1618,2551,180,1292,1079,187175,159694,13687,13794
1619,2530,179,1724,627,189705,161418,13866,14421
1620,2237,185,1419,633,191942,162837,14051,15054
1621,2419,283,1456,680,194361,164293,14334,15734
1622,2742,176,1666,900,197103,165959,14510,16634
1623,6268,179,2152,3937,203371,168111,14689,20571
1624,7088,234,1835,5019,210459,169946,14923,25590
1625,8228,212,1987,6029,218687,171933,15135,31619
1626,7832,348,2225,5259,226519,174158,15483,36878
1627,6920,284,2700,3936,233439,176858,15767,40814
1628,5727,327,3054,2346,239166,179912,16094,43160
1629,4422,358,2862,1202,243588,182774,16452,44362
1630,5654,271,2580,2803,249242,185354,16723,47165
1631,3859,402,2985,472,253101,188339,17125,47637
1632,6625,279,3193,3153,259726,191532,17404,50790
1633,6912,351,4143,2418,266638,195675,17755,53208
1634,5699,358,4448,893,272337,200123,18113,54101
1635,4763,321,4914,-472,277100,205037,18434,53629
1636,3157,373,4487,-1703,280257,209524,18807,51926
1637,6337,340,4956,1041,286594,214480,19147,52967
1638,6422,402,4657,1363,293016,219137,19549,54330
1639,5506,343,4025,1138,298522,223162,19892,55468
1640,5210,389,4972,-151,303732,228134,20281,55317
1641,4697,322,5168,-793,308429,233302,20603,54524
1642,3671,330,5992,-2651,312100,239294,20933,51873
1643,2489,343,4664,-2518,314589,243958,21276,49355
1644,4113,319,4386,-592,318702,248344,21595,48763
1645,4030,339,4188,-497,322732,252532,21934,48266
1646,4074,313,4649,-888,326806,257181,22247,47378
1647,4490,343,5023,-876,331296,262204,22590,46502
1648,3438,323,4532,-1417,334734,266736,22913,45085
1649,2537,305,3526,-1294,337271,270262,23218,43791
1650,1965,295,3476,-1806,339236,273738,23513,41985
1651,3618,257,4471,-1110,342854,278209,23770,40875
1652,2885,322,4170,-1607,345739,282379,24092,39268
1653,3161,303,4038,-1180,348900,286417,24395,38088
1654,4178,253,4383,-458,353078,290800,24648,37630
1655,3232,274,4491,-1533,356310,295291,24922,36097
1656,1725,231,3495,-2001,358035,298786,25153,34096
1657,1559,228,3785,-2454,359594,302571,25381,31642
1658,2346,244,3971,-1869,361940,306542,25625,29773
1659,1499,224,3217,-1942,363439,309759,25849,27831
1660,1,1,0,0,1,0,1,0
1661,0,0,0,0,1,0,1,0
1662,0,0,0,0,1,0,1,0
1663,2,1,1,0,3,1,2,0
1664,0,0,0,0,3,1,2,0
1665,0,0,0,0,3,1,2,0
1666,2,0,1,1,5,2,2,1
1667,1,0,1,0,6,3,2,1
1668,1,0,0,1,7,3,2,2
1669,1,0,1,0,8,4,2,2
1670,3,1,0,2,11,4,3,4
1671,2,0,0,2,13,4,3,6
1672,4,0,1,3,17,5,3,9
1673,1,1,0,0,18,5,4,9
1674,1,0,1,0,19,6,4,9
1675,3,0,0,3,22,6,4,12
1676,3,1,1,1,25,7,5,13
1677,23,1,1,21,48,8,6,34
1678,4,0,1,3,52,9,6,37
1679,8,1,1,6,60,10,7,43
1680,15,2,2,11,75,12,9,54
1681,11,3,0,8,86,12,12,62
1682,17,1,1,15,103,13,13,77
1683,15,2,0,13,118,13,15,90
1684,19,8,16,-5,137,29,23,85
1685,5,2,2,1,142,31,25,86
1686,19,1,5,13,161,36,26,99
1687,15,1,3,11,176,39,27,110
1688,3,0,0,3,179,39,27,113
1689,19,5,1,13,198,40,32,126
1690,8,0,0,8,206,40,32,134
1691,15,3,2,10,221,42,35,144
1692,11,1,5,5,232,47,36,149
1693,2,0,0,2,234,47,36,151
1694,7,1,0,6,241,47,37,157
1695,57,1,1,55,298,48,38,212
1696,13,1,3,9,311,51,39,221
1697,81,1,3,77,392,54,40,298
1698,25,2,2,21,417,56,42,319
1699,15,3,4,8,432,60,45,327
1700,14,4,16,-6,446,76,49,321
1701,38,0,7,31,484,83,49,352
1702,24,2,0,22,508,83,51,374
1703,7,2,7,-2,515,90,53,372
1704,104,2,2,100,619,92,55,472
1705,40,2,10,28,659,102,57,500
1706,68,2,11,55,727,113,59,555
1707,41,4,4,33,768,117,63,588
1708,52,2,11,39,820,128,65,627
1709,38,0,3,35,858,131,65,662
1710,22,2,13,7,880,144,67,669
1711,22,1,13,8,902,157,68,677
1712,41,3,8,30,943,165,71,707
1713,19,1,13,5,962,178,72,712
1714,28,3,11,14,990,189,75,726
1715,28,1,10,17,1018,199,76,743
1716,16,1,11,4,1034,210,77,747
1717,27,0,10,17,1061,220,77,764
1718,51,0,22,29,1112,242,77,793
1719,54,1,35,18,1166,277,78,811
1720,15,1,23,-9,1181,300,79,802
1721,45,0,39,6,1226,339,79,808
1722,31,2,17,12,1257,356,81,820
1723,23,1,6,16,1280,362,82,836
1724,3,0,6,-3,1283,368,82,833
1725,18,2,5,11,1301,373,84,844
1726,36,0,7,29,1337,380,84,873
1727,59,1,10,48,1396,390,85,921
1728,48,0,10,38,1444,400,85,959
1729,43,1,8,34,1487,408,86,993
1730,25,0,5,20,1512,413,86,1013
1731,15,2,9,4,1527,422,88,1017
1732,25,0,14,11,1552,436,88,1028
1733,25,0,9,16,1577,445,88,1044
1734,28,0,10,18,1605,455,88,1062
1735,34,0,10,24,1639,465,88,1086
1736,69,0,15,54,1708,480,88,1140
1737,24,0,5,19,1732,485,88,1159
1738,10,0,3,7,1742,488,88,1166
1739,10,0,28,-18,1752,516,88,1148
1740,17,1,1,15,1769,517,89,1163
1741,17,1,7,9,1786,524,90,1172
1742,19,1,64,-46,1805,588,91,1126
1743,29,0,26,3,1834,614,91,1129
1744,45,0,10,35,1879,624,91,1164
1745,27,2,11,14,1906,635,93,1178
1746,36,0,13,23,1942,648,93,1201
1747,40,4,11,25,1982,659,97,1226
1748,46,4,16,26,2028,675,101,1252
1749,77,9,42,26,2105,717,110,1278
1750,63,2,22,39,2168,739,112,1317
1751,82,22,17,43,2250,756,134,1360
1752,100,5,53,42,2350,809,139,1402
1753,54,7,89,-42,2404,898,146,1360
1754,175,4,128,43,2579,1026,150,1403
1755,63,4,17,42,2642,1043,154,1445
1756,59,1,50,8,2701,1093,155,1453
1757,101,3,37,61,2802,1130,158,1514
1758,128,7,27,94,2930,1157,165,1608
1759,149,21,49,79,3079,1206,186,1687
1760,83,6,23,54,3162,1229,192,1741
1761,144,8,79,57,3306,1308,200,1798
1762,83,14,39,30,3389,1347,214,1828
1763,120,14,37,69,3509,1384,228,1897
1764,151,2,37,112,3660,1421,230,2009
1765,130,2,36,92,3790,1457,232,2101
1766,88,7,43,38,3878,1500,239,2139
1767,99,8,64,27,3977,1564,247,2166
1768,122,6,33,83,4099,1597,253,2249
1769,145,3,35,107,4244,1632,256,2356
1770,241,7,60,174,4485,1692,263,2530
1771,239,5,43,191,4724,1735,268,2721
1772,208,3,32,173,4932,1767,271,2894
1773,250,3,84,163,5182,1851,274,3057
1774,201,32,178,-9,5383,2029,306,3048
1775,220,3,118,99,5603,2147,309,3147
1776,195,4,35,156,5798,2182,313,3303
1777,166,15,104,47,5964,2286,328,3350
1778,145,25,134,-14,6109,2420,353,3336
1779,237,20,38,179,6346,2458,373,3515
1780,219,28,84,107,6565,2542,401,3622
1781,202,6,99,97,6767,2641,407,3719
1782,247,18,121,108,7014,2762,425,3827
1783,180,5,39,136,7194,2801,430,3963
1784,154,22,199,-67,7348,3000,452,3896
1785,170,7,24,139,7518,3024,459,4035
1786,121,18,27,76,7639,3051,477,4111
1787,166,9,47,110,7805,3098,486,4221
1788,138,7,38,93,7943,3136,493,4314
1789,355,10,112,233,8298,3248,503,4547
1790,304,8,252,44,8602,3500,511,4591
1791,321,7,224,90,8923,3724,518,4681
1792,325,6,291,28,9248,4015,524,4709
1793,361,34,424,-97,9609,4439,558,4612
1794,408,42,316,50,10017,4755,600,4662
1795,197,23,211,-37,10214,4966,623,4625
1796,385,76,215,94,10599,5181,699,4719
1797,340,73,240,27,10939,5421,772,4746
1798,160,48,137,-25,11099,5558,820,4721
1799,222,16,177,29,11321,5735,836,4750
1800,94,15,176,-97,11415,5911,851,4653
1801,212,4,223,-15,11627,6134,855,4638
1802,185,15,360,-190,11812,6494,870,4448
1803,314,20,319,-25,12126,6813,890,4423
1804,165,19,409,-263,12291,7222,909,4160
1805,235,8,95,132,12526,7317,917,4292
1806,143,16,334,-207,12669,7651,933,4085
1807,73,26,147,-100,12742,7798,959,3985
1808,96,3,175,-82,12838,7973,962,3903
1809,60,1,142,-83,12898,8115,963,3820
1810,148,15,195,-62,13046,8310,978,3758
1811,116,20,217,-121,13162,8527,998,3637
1812,232,8,212,12,13394,8739,1006,3649
1813,87,12,78,-3,13481,8817,1018,3646
1814,140,3,68,69,13621,8885,1021,3715
1815,68,6,176,-114,13689,9061,1027,3601
1816,86,3,136,-53,13775,9197,1030,3548
1817,181,20,137,24,13956,9334,1050,3572
1818,204,14,118,72,14160,9452,1064,3644
1819,192,11,62,119,14352,9514,1075,3763
1820,132,5,64,63,14484,9578,1080,3826
1821,168,7,62,99,14652,9640,1087,3925
1822,36,5,43,-12,14688,9683,1092,3913
1823,118,12,100,6,14806,9783,1104,3919
1824,135,8,145,-18,14941,9928,1112,3901
1825,173,4,135,34,15114,10063,1116,3935
1826,94,5,101,-12,15208,10164,1121,3923
1827,105,16,151,-62,15313,10315,1137,3861
1828,188,12,68,108,15501,10383,1149,3969
1829,153,4,103,46,15654,10486,1153,4015
1830,200,25,123,52,15854,10609,1178,4067
1831,148,30,164,-46,16002,10773,1208,4021
1832,253,33,218,2,16255,10991,1241,4023
1833,244,28,121,95,16499,11112,1269,4118
1834,182,10,90,82,16681,11202,1279,4200
1835,140,15,94,31,16821,11296,1294,4231
1836,179,9,110,60,17000,11406,1303,4291
1837,202,14,129,59,17202,11535,1317,4350
1838,266,32,370,-136,17468,11905,1349,4214
1839,242,18,141,83,17710,12046,1367,4297
1840,191,5,120,66,17901,12166,1372,4363
1841,261,10,282,-31,18162,12448,1382,4332
1842,233,8,185,40,18395,12633,1390,4372
1843,265,6,163,96,18660,12796,1396,4468
1844,242,6,152,84,18902,12948,1402,4552
1845,283,11,165,107,19185,13113,1413,4659
1846,366,19,133,214,19551,13246,1432,4873
1847,573,5,195,373,20124,13441,1437,5246
1848,386,10,151,225,20510,13592,1447,5471
1849,283,6,106,171,20793,13698,1453,5642
1850,143,8,239,-104,20936,13937,1461,5538
1851,205,12,186,7,21141,14123,1473,5545
1852,339,14,123,202,21480,14246,1487,5747
1853,291,17,229,45,21771,14475,1504,5792
1854,200,9,414,-223,21971,14889,1513,5569
1855,273,40,388,-155,22244,15277,1553,5414
1856,304,9,296,-1,22548,15573,1562,5413
1857,241,20,318,-97,22789,15891,1582,5316
1858,233,42,402,-211,23022,16293,1624,5105
1859,257,20,371,-134,23279,16664,1644,4971
1860,435,26,685,-276,23714,17349,1670,4695
1861,330,15,268,47,24044,17617,1685,4742
1862,365,14,210,141,24409,17827,1699,4883
1863,253,4,117,132,24662,17944,1703,5015
1864,307,9,201,97,24969,18145,1712,5112
1865,270,12,253,5,25239,18398,1724,5117
1866,230,4,204,22,25469,18602,1728,5139
1867,302,5,190,107,25771,18792,1733,5246
1868,344,18,201,125,26115,18993,1751,5371
1869,371,5,201,165,26486,19194,1756,5536
1870,312,3,183,126,26798,19377,1759,5662
1871,368,7,194,167,27166,19571,1766,5829
1872,403,6,330,67,27569,19901,1772,5896
1873,385,4,271,110,27954,20172,1776,6006
1874,347,10,260,77,28301,20432,1786,6083
1875,408,10,199,199,28709,20631,1796,6282
1876,410,16,266,128,29119,20897,1812,6410
1877,314,8,199,107,29433,21096,1820,6517
1878,245,8,270,-33,29678,21366,1828,6484
1879,453,10,286,157,30131,21652,1838,6641
1880,286,11,885,-610,30417,22537,1849,6031
1881,470,26,2173,-1729,30887,24710,1875,4302
1882,445,9,391,45,31332,25101,1884,4347
1883,414,11,357,46,31746,25458,1895,4393
1884,355,3,383,-31,32101,25841,1898,4362
1885,316,7,335,-26,32417,26176,1905,4336
1886,442,20,587,-165,32859,26763,1925,4171
1887,375,13,380,-18,33234,27143,1938,4153
1888,510,11,365,134,33744,27508,1949,4287
1889,571,14,465,92,34315,27973,1963,4379
1890,285,20,423,-158,34600,28396,1983,4221
1891,356,8,367,-19,34956,28763,1991,4202
1892,158,17,297,-156,35114,29060,2008,4046
1893,314,12,317,-15,35428,29377,2020,4031
1894,319,10,326,-17,35747,29703,2030,4014
1895,368,9,234,125,36115,29937,2039,4139
1896,196,14,288,-106,36311,30225,2053,4033
1897,617,11,277,329,36928,30502,2064,4362
1898,462,10,328,124,37390,30830,2074,4486
1899,248,13,356,-121,37638,31186,2087,4365
1900,454,25,429,0,38092,31615,2112,4365
1901,546,16,352,178,38638,31967,2128,4543
1902,361,14,327,20,38999,32294,2142,4563
1903,613,12,277,324,39612,32571,2154,4887
1904,480,27,289,164,40092,32860,2181,5051
1905,638,8,277,353,40730,33137,2189,5404
1906,621,13,292,316,41351,33429,2202,5720
1907,684,15,315,354,42035,33744,2217,6074
1908,164,15,296,-147,42199,34040,2232,5927
1909,610,13,340,257,42809,34380,2245,6184
1910,1360,31,311,1018,44169,34691,2276,7202
1911,1219,23,242,954,45388,34933,2299,8156
1912,1042,18,267,757,46430,35200,2317,8913
1913,600,10,343,247,47030,35543,2327,9160
1914,544,39,532,-27,47574,36075,2366,9133
1915,489,18,382,89,48063,36457,2384,9222
1916,420,8,331,81,48483,36788,2392,9303
1917,476,8,378,90,48959,37166,2400,9393
1918,659,16,227,416,49618,37393,2416,9809
1919,470,19,574,-123,50088,37967,2435,9686
1920,897,10,275,612,50985,38242,2445,10298
1921,809,14,284,511,51794,38526,2459,10809
1922,998,9,309,680,52792,38835,2468,11489
1923,545,35,260,250,53337,39095,2503,11739
1924,872,49,368,455,54209,39463,2552,12194
1925,1007,20,450,537,55216,39913,2572,12731
1926,1650,73,760,817,56866,40673,2645,13548
1927,811,12,1287,-488,57677,41960,2657,13060
1928,730,8,442,280,58407,42402,2665,13340
1929,937,21,283,633,59344,42685,2686,13973
1930,771,14,315,442,60115,43000,2700,14415
1931,891,9,318,564,61006,43318,2709,14979
1932,760,6,328,426,61766,43646,2715,15405
1933,527,36,173,318,62293,43819,2751,15723
1934,594,8,288,298,62887,44107,2759,16021
1935,770,10,388,372,63657,44495,2769,16393
1936,735,37,201,497,64392,44696,2806,16890
1937,818,30,622,166,65210,45318,2836,17056
1938,786,18,284,484,65996,45602,2854,17540
1939,890,26,453,411,66886,46055,2880,17951
1940,696,45,206,445,67582,46261,2925,18396
1941,737,16,840,-119,68319,47101,2941,18277
1942,768,22,835,-89,69087,47936,2963,18188
1943,420,23,826,-429,69507,48762,2986,17759
1944,624,31,243,350,70131,49005,3017,18109
1945,354,17,360,-23,70485,49365,3034,18086
1946,989,24,215,750,71474,49580,3058,18836
1947,879,67,153,659,72353,49733,3125,19495
1948,998,79,409,510,73351,50142,3204,20005
1949,895,37,553,305,74246,50695,3241,20310
1950,913,2,500,411,75159,51195,3243,20721
1951,894,46,411,437,76053,51606,3289,21158
1952,906,90,916,-100,76959,52522,3379,21058
1953,874,19,434,421,77833,52956,3398,21479
1954,785,80,567,138,78618,53523,3478,21617
1955,978,85,606,287,79596,54129,3563,21904
1956,1056,8,982,66,80652,55111,3571,21970
1957,952,31,528,393,81604,55639,3602,22363
1958,940,18,823,99,82544,56462,3620,22462
1959,899,4,574,321,83443,57036,3624,22783
1960,971,92,904,-25,84414,57940,3716,22758
1961,929,65,405,459,85343,58345,3781,23217
1962,1038,12,731,295,86381,59076,3793,23512
1963,994,22,1327,-355,87375,60403,3815,23157
1964,1023,47,1025,-49,88398,61428,3862,23108
1965,996,46,699,251,89394,62127,3908,23359
1966,1072,58,820,194,90466,62947,3966,23553
1967,1034,23,271,740,91500,63218,3989,24293
1968,1046,17,138,891,92546,63356,4006,25184
1969,1051,31,790,230,93597,64146,4037,25414
1970,1325,100,1295,-70,94922,65441,4137,25344
1971,1474,95,736,643,96396,66177,4232,25987
1972,1500,88,1005,407,97896,67182,4320,26394
1973,1995,32,859,1104,99891,68041,4352,27498
1974,1995,44,755,1196,101886,68796,4396,28694
1975,1852,41,120,1691,103738,68916,4437,30385
1976,1559,85,1061,413,105297,69977,4522,30798
1977,1618,106,673,839,106915,70650,4628,31637
1978,1775,30,528,1217,108690,71178,4658,32854
1979,1976,101,1114,761,110666,72292,4759,33615
1980,1800,36,625,1139,112466,72917,4795,34754
1981,1873,8,479,1386,114339,73396,4803,36140
1982,1515,5,289,1221,115854,73685,4808,37361
1983,1519,126,2161,-768,117373,75846,4934,36593
1984,1680,118,1582,-20,119053,77428,5052,36573
1985,1798,112,1554,132,120851,78982,5164,36705
1986,1506,85,893,528,122357,79875,5249,37233
1987,1495,25,374,1096,123852,80249,5274,38329
1988,1240,24,309,907,125092,80558,5298,39236
1989,1116,27,176,913,126208,80734,5325,40149
1990,975,137,1977,-1139,127183,82711,5462,39010
1991,1119,63,1374,-318,128302,84085,5525,38692
1992,1788,23,990,775,130090,85075,5548,39467
1993,1776,87,781,908,131866,85856,5635,40375
1994,1887,20,511,1356,133753,86367,5655,41731
1995,1601,16,115,1470,135354,86482,5671,43201
1996,1062,15,78,969,136416,86560,5686,44170
1997,826,9,1041,-224,137242,87601,5695,43946
1998,949,50,662,237,138191,88263,5745,44183
1999,1221,9,1312,-100,139412,89575,5754,44083
2000,985,24,748,213,140397,90323,5778,44296
2001,663,23,150,490,141060,90473,5801,44786
2002,761,116,537,108,141821,91010,5917,44894
2003,478,71,49,358,142299,91059,5988,45252
2004,880,40,226,614,143179,91285,6028,45866
2005,1103,38,14,1051,144282,91299,6066,46917
2006,868,6,60,802,145150,91359,6072,47719
2007,676,9,488,179,145826,91847,6081,47898
2008,1205,36,691,478,147031,92538,6117,48376
2009,806,18,489,299,147837,93027,6135,48675
2010,484,12,226,246,148321,93253,6147,48921
2011,1048,41,1141,-134,149369,94394,6188,48787
2012,830,144,645,41,150199,95039,6332,48828
2013,1263,78,571,614,151462,95610,6410,49442
2014,825,69,1221,-465,152287,96831,6479,48977
2015,659,133,1108,-582,152946,97939,6612,48395
2016,633,69,2494,-1930,153579,100433,6681,46465
2017,310,16,2701,-2407,153889,103134,6697,44058
2018,658,24,883,-249,154547,104017,6721,43809
2019,985,36,812,137,155532,104829,6757,43946
2020,473,27,1312,-866,156005,106141,6784,43080
2021,593,19,693,-119,156598,106834,6803,42961
2022,872,17,284,571,157470,107118,6820,43532
2023,587,8,47,532,158057,107165,6828,44064
2024,394,2,572,-180,158451,107737,6830,43884
2025,871,85,2348,-1562,159322,110085,6915,42322
2026,900,52,1861,-1013,160222,111946,6967,41309
2027,304,32,641,-369,160526,112587,6999,40940
2028,253,13,329,-89,160779,112916,7012,40851
2029,497,32,755,-290,161276,113671,7044,40561
2030,156,11,262,-117,161432,113933,7055,40444
2031,144,3,106,35,161576,114039,7058,40479
2032,657,20,561,76,162233,114600,7078,40555
2033,562,41,1389,-868,162795,115989,7119,39687
2034,598,43,732,-177,163393,116721,7162,39510
2035,659,67,948,-356,164052,117669,7229,39154
2036,610,48,842,-280,164662,118511,7277,38874
2037,221,9,302,-90,164883,118813,7286,38784
2038,102,4,102,-4,164985,118915,7290,38780
2039,740,21,1715,-996,165725,120630,7311,37784
2040,734,23,1095,-384,166459,121725,7334,37400
2041,403,27,1157,-781,166862,122882,7361,36619
2042,437,18,568,-149,167299,123450,7379,36470
2043,267,8,545,-286,167566,123995,7387,36184
2044,141,9,87,45,167707,124082,7396,36229
2045,101,1,1,99,167808,124083,7397,36328
2046,390,37,870,-517,168198,124953,7434,35811
2047,649,17,1108,-476,168847,126061,7451,35335
2048,497,10,657,-170,169344,126718,7461,35165
2049,670,14,812,-156,170014,127530,7475,35009
2050,235,10,138,87,170249,127668,7485,35096
2051,270,3,80,187,170519,127748,7488,35283
2052,197,46,13,138,170716,127761,7534,35421
2053,499,51,2016,-1568,171215,129777,7585,33853
2054,594,3,804,-213,171809,130581,7588,33640
2055,535,9,2273,-1747,172344,132854,7597,31893
2056,798,38,2682,-1922,173142,135536,7635,29971
2057,570,27,2752,-2209,173712,138288,7662,27762
2058,281,0,292,-11,173993,138580,7662,27751
2059,206,22,359,-175,174199,138939,7684,27576
2060,741,14,1253,-526,174940,140192,7698,27050
2061,860,15,2018,-1173,175800,142210,7713,25877
2062,717,21,1745,-1049,176517,143955,7734,24828
2063,840,36,2096,-1292,177357,146051,7770,23536
2064,669,28,1851,-1210,178026,147902,7798,22326
2065,520,2,1782,-1264,178546,149684,7800,21062
2066,398,8,1335,-945,178944,151019,7808,20117
2067,681,16,1848,-1183,179625,152867,7824,18934
2068,685,68,2312,-1695,180310,155179,7892,17239
2069,674,81,2042,-1449,180984,157221,7973,15790
2070,603,37,1656,-1090,181587,158877,8010,14700
2071,376,45,1531,-1200,181963,160408,8055,13500
2072,319,54,615,-350,182282,161023,8109,13150
2073,247,0,310,-63,182529,161333,8109,13087
2074,646,53,488,105,183175,161821,8162,13192
2075,353,41,635,-323,183528,162456,8203,12869
2076,226,57,635,-466,183754,163091,8260,12403
2077,584,74,1412,-902,184338,164503,8334,11501
2078,404,73,939,-608,184742,165442,8407,10893
2079,201,20,231,-50,184943,165673,8427,10843
2080,178,18,80,80,185121,165753,8445,10923
2081,538,32,598,-92,185659,166351,8477,10831
2082,381,27,659,-305,186040,167010,8504,10526
2083,544,59,586,-101,186584,167596,8563,10425
2084,372,13,403,-44,186956,167999,8576,10381
2085,535,12,763,-240,187491,168762,8588,10141
2086,138,54,408,-324,187629,169170,8642,9817
2087,139,41,445,-347,187768,169615,8683,9470
2088,857,76,739,42,188625,170354,8759,9512
2089,546,80,773,-307,189171,171127,8839,9205
2090,116,24,289,-197,189287,171416,8863,9008
2091,480,2,1144,-666,189767,172560,8865,8342
2092,165,21,443,-299,189932,173003,8886,8043
2093,251,35,425,-209,190183,173428,8921,7834
2094,348,16,392,-60,190531,173820,8937,7774
2095,688,43,899,-254,191219,174719,8980,7520
2096,575,16,631,-72,191794,175350,8996,7448
2097,414,53,182,179,192208,175532,9049,7627
2098,576,68,422,86,192784,175954,9117,7713
2099,671,44,159,468,193455,176113,9161,8181
2100,513,32,117,364,193968,176230,9193,8545
2101,367,21,254,92,194335,176484,9214,8637
2102,926,14,877,35,195261,177361,9228,8672
2103,711,28,332,351,195972,177693,9256,9023
2104,549,23,248,278,196521,177941,9279,9301
2105,711,5,237,469,197232,178178,9284,9770
2106,685,46,632,7,197917,178810,9330,9777
2107,1077,21,651,405,198994,179461,9351,10182
2108,1016,9,271,736,200010,179732,9360,10918
2109,920,22,574,324,200930,180306,9382,11242
2110,865,23,121,721,201795,180427,9405,11963
2111,801,42,160,599,202596,180587,9447,12562
2112,745,29,452,264,203341,181039,9476,12826
2113,952,53,572,327,204293,181611,9529,13153
2114,1088,19,116,953,205381,181727,9548,14106
2115,883,41,395,447,206264,182122,9589,14553
2116,1593,28,1217,348,207857,183339,9617,14901
2117,1599,33,677,889,209456,184016,9650,15790
2118,1578,16,938,624,211034,184954,9666,16414
2119,1703,60,592,1051,212737,185546,9726,17465
2120,1223,37,814,372,213960,186360,9763,17837
2121,1033,39,181,813,214993,186541,9802,18650
2122,2679,9,172,2498,217672,186713,9811,21148
2123,1834,57,663,1114,219506,187376,9868,22262
2124,2148,20,886,1242,221654,188262,9888,23504
2125,1782,23,576,1183,223436,188838,9911,24687
2126,1904,59,991,854,225340,189829,9970,25541
2127,1633,53,772,808,226973,190601,10023,26349
2128,2045,40,241,1764,229018,190842,10063,28113
2129,2033,89,160,1784,231051,191002,10152,29897
2130,3444,48,2204,1192,234495,193206,10200,31089
2131,2443,75,1653,715,236938,194859,10275,31804
2132,2393,53,2026,314,239331,196885,10328,32118
2133,3157,81,2253,823,242488,199138,10409,32941
2134,1678,119,1938,-379,244166,201076,10528,32562
2135,1908,59,574,1275,246074,201650,10587,33837
2136,1827,97,443,1287,247901,202093,10684,35124
2137,1811,72,1563,176,249712,203656,10756,35300
2138,2919,94,1518,1307,252631,205174,10850,36607
2139,2522,84,1966,472,255153,207140,10934,37079
2140,2771,180,1727,864,257924,208867,11114,37943
2141,2695,220,1194,1281,260619,210061,11334,39224
2142,3438,235,1499,1704,264057,211560,11569,40928
2143,3048,93,998,1957,267105,212558,11662,42885
2144,3372,140,1579,1653,270477,214137,11802,44538
2145,3836,230,1732,1874,274313,215869,12032,46412
2146,3946,368,2774,804,278259,218643,12400,47216
2147,4227,247,2259,1721,282486,220902,12647,48937
2148,4605,200,3046,1359,287091,223948,12847,50296
2149,3755,163,1543,2049,290846,225491,13010,52345
2150,2346,157,2526,-337,293192,228017,13167,52008
2151,2869,197,2672,0,296061,230689,13364,52008
2152,3372,171,2411,790,299433,233100,13535,52798
2153,4943,244,2733,1966,304376,235833,13779,54764
2154,4298,248,2223,1827,308674,238056,14027,56591
2155,4231,271,2745,1215,312905,240801,14298,57806
2156,5015,248,1682,3085,317920,242483,14546,60891
2157,4524,178,3445,901,322444,245928,14724,61792
2158,4114,271,3651,192,326558,249579,14995,61984
2159,3420,268,4092,-940,329978,253671,15263,61044
2160,4304,385,3952,-33,334282,257623,15648,61011
2161,5394,379,6009,-994,339676,263632,16027,60017
2162,4413,434,3929,50,344089,267561,16461,60067
2163,5450,332,3973,1145,349539,271534,16793,61212
2164,5657,264,3375,2018,355196,274909,17057,63230
2165,3984,295,4713,-1024,359180,279622,17352,62206
2166,5070,412,4626,32,364250,284248,17764,62238
2167,6669,398,4476,1795,370919,288724,18162,64033
2168,4207,544,6021,-2358,375126,294745,18706,61675
2169,4439,342,4692,-595,379565,299437,19048,61080
2170,4715,314,4494,-93,384280,303931,19362,60987
2171,4031,419,4369,-757,388311,308300,19781,60230
2172,2641,296,3286,-941,390952,311586,20077,59289
2173,4106,383,3830,-107,395058,315416,20460,59182
2174,3914,539,6003,-2628,398972,321419,20999,56554
2175,4082,498,7659,-4075,403054,329078,21497,52479
2176,2743,435,7987,-5679,405797,337065,21932,46800
2177,4663,381,4841,-559,410460,341906,22313,46241
2178,4694,254,5386,-946,415154,347292,22567,45295
2179,4203,410,6451,-2658,419357,353743,22977,42637
2180,4561,484,6130,-2053,423918,359873,23461,40584
2181,4980,348,6979,-2347,428898,366852,23809,38237
2182,5300,400,7664,-2764,434198,374516,24209,35473
2183,4219,472,3670,77,438417,378186,24681,35550
2184,4561,375,5242,-1056,442978,383428,25056,34494
2185,4144,309,4124,-289,447122,387552,25365,34205
2186,3803,375,4074,-646,450925,391626,25740,33559
2187,3263,306,4879,-1922,454188,396505,26046,31637
2188,3071,278,4017,-1224,457259,400522,26324,30413
2189,2,0,0,2,2,0,0,2
2190,0,0,0,0,2,0,0,2
2191,0,0,0,0,2,0,0,2
2192,0,0,0,0,2,0,0,2
2193,0,1,0,-1,2,0,1,1
2194,2,0,0,2,4,0,1,3
2195,9,0,0,9,13,0,1,12
2196,14,0,0,14,27,0,1,26
2197,2,0,0,2,29,0,1,28
2198,3,0,0,3,32,0,1,31
2199,15,0,0,15,47,0,1,46
2200,4,2,0,2,51,0,3,48
2201,0,1,0,-1,51,0,4,47
2202,14,0,0,14,65,0,4,61
2203,0,2,4,-6,65,4,6,55
2204,15,0,0,15,80,4,6,70
2205,0,2,5,-7,80,9,8,63
2206,2,2,11,-11,82,20,10,52
2207,29,0,0,29,111,20,10,81
2208,10,0,2,8,121,22,10,89
2209,5,1,2,2,126,24,11,91
2210,6,0,0,6,132,24,11,97
2211,33,1,0,32,165,24,12,129
2212,11,6,0,5,176,24,18,134
2213,45,0,0,45,221,24,18,179
2214,0,1,6,-7,221,30,19,172
2215,8,3,4,1,229,34,22,173
2216,10,1,9,0,239,43,23,173
2217,27,2,0,25,266,43,25,198
2218,65,2,2,61,331,45,27,259
2219,10,2,5,3,341,50,29,262
2220,27,1,10,16,368,60,30,278
2221,0,1,9,-10,368,69,31,268
2222,6,2,0,4,374,69,33,272
2223,13,0,5,8,387,74,33,280
2224,10,0,5,5,397,79,33,285
2225,22,0,1,21,419,80,33,306
2226,13,1,1,11,432,81,34,317
2227,8,1,18,-11,440,99,35,306
2228,0,0,7,-7,440,106,35,299
2229,13,0,2,11,453,108,35,310
2230,12,0,10,2,465,118,35,312
2231,26,0,4,22,491,122,35,334
2232,56,0,13,43,547,135,35,377
2233,30,3,10,17,577,145,38,394
2234,24,0,6,18,601,151,38,412
2235,6,0,48,-42,607,199,38,370
2236,33,2,27,4,640,226,40,374
2237,25,3,7,15,665,233,43,389
2238,19,1,3,15,684,236,44,404
2239,24,2,13,9,708,249,46,413
2240,2,0,9,-7,710,258,46,406
2241,12,2,6,4,722,264,48,410
2242,0,1,11,-12,722,275,49,398
2243,26,0,7,19,748,282,49,417
2244,54,0,5,49,802,287,49,466
2245,36,0,5,31,838,292,49,497
2246,33,0,0,33,871,292,49,530
2247,46,1,19,26,917,311,50,556
2248,34,0,7,27,951,318,50,583
2249,66,2,18,46,1017,336,52,629
2250,47,0,22,25,1064,358,52,654
2251,36,1,9,26,1100,367,53,680
2252,33,3,31,-1,1133,398,56,679
2253,71,2,19,50,1204,417,58,729
2254,57,0,6,51,1261,423,58,780
2255,32,2,33,-3,1293,456,60,777
2256,22,3,6,13,1315,462,63,790
2257,34,2,37,-5,1349,499,65,785
2258,28,0,19,9,1377,518,65,794
2259,45,0,2,43,1422,520,65,837
2260,41,3,12,26,1463,532,68,863
2261,40,1,31,8,1503,563,69,871
2262,32,2,32,-2,1535,595,71,869
2263,45,1,30,14,1580,625,72,883
2264,42,0,0,42,1622,625,72,925
2265,37,0,11,26,1659,636,72,951
2266,54,4,3,47,1713,639,76,998
2267,53,14,34,5,1766,673,90,1003
2268,65,0,0,65,1831,673,90,1068
2269,64,0,0,64,1895,673,90,1132
2270,109,0,0,109,2004,673,90,1241
2271,175,3,30,142,2179,703,93,1383
2272,182,1,53,128,2361,756,94,1511
2273,130,0,0,130,2491,756,94,1641
2274,61,12,73,-24,2552,829,106,1617
2275,126,0,36,90,2678,865,106,1707
2276,137,3,36,98,2815,901,109,1805
2277,103,8,142,-47,2918,1043,117,1758
2278,167,0,43,124,3085,1086,117,1882
2279,89,0,16,73,3174,1102,117,1955
2280,165,0,23,142,3339,1125,117,2097
2281,207,0,44,163,3546,1169,117,2260
2282,111,15,75,21,3657,1244,132,2281
2283,110,0,38,72,3767,1282,132,2353
2284,111,7,37,67,3878,1319,139,2420
2285,132,1,42,89,4010,1361,140,2509
2286,136,6,40,90,4146,1401,146,2599
2287,119,1,55,63,4265,1456,147,2662
2288,166,2,154,10,4431,1610,149,2672
2289,147,3,40,104,4578,1650,152,2776
2290,193,3,62,128,4771,1712,155,2904
2291,194,1,50,143,4965,1762,156,3047
2292,89,4,69,16,5054,1831,160,3063
2293,129,0,52,77,5183,1883,160,3140
2294,165,0,50,115,5348,1933,160,3255
2295,177,6,40,131,5525,1973,166,3386
2296,190,0,39,151,5715,2012,166,3537
2297,135,23,93,19,5850,2105,189,3556
2298,85,1,82,2,5935,2187,190,3558
2299,213,2,45,166,6148,2232,192,3724
2300,167,3,15,149,6315,2247,195,3873
2301,127,6,184,-63,6442,2431,201,3810
2302,130,0,33,97,6572,2464,201,3907
2303,181,7,174,0,6753,2638,208,3907
2304,168,7,107,54,6921,2745,215,3961
2305,125,3,254,-132,7046,2999,218,3829
2306,197,13,140,44,7243,3139,231,3873
2307,151,12,115,24,7394,3254,243,3897
2308,179,15,212,-48,7573,3466,258,3849
2309,99,3,115,-19,7672,3581,261,3830
2310,167,2,78,87,7839,3659,263,3917
2311,156,8,517,-369,7995,4176,271,3548
2312,126,3,277,-154,8121,4453,274,3394
2313,93,4,206,-117,8214,4659,278,3277
2314,150,3,356,-209,8364,5015,281,3068
2315,119,0,254,-135,8483,5269,281,2933
2316,83,3,560,-480,8566,5829,284,2453
2317,136,3,239,-106,8702,6068,287,2347
2318,137,9,0,128,8839,6068,296,2475
2319,114,4,8,102,8953,6076,300,2577
2320,130,4,255,-129,9083,6331,304,2448
2321,126,3,24,99,9209,6355,307,2547
2322,92,3,103,-14,9301,6458,310,2533
2323,76,0,5,71,9377,6463,310,2604
2324,128,8,156,-36,9505,6619,318,2568
2325,95,0,0,95,9600,6619,318,2663
2326,97,0,1,96,9697,6620,318,2759
2327,115,7,139,-31,9812,6759,325,2728
2328,127,1,155,-29,9939,6914,326,2699
2329,179,1,75,103,10118,6989,327,2802
2330,88,4,74,10,10206,7063,331,2812
2331,104,0,69,35,10310,7132,331,2847
2332,90,0,58,32,10400,7190,331,2879
2333,60,0,54,6,10460,7244,331,2885
2334,54,2,118,-66,10514,7362,333,2819
2335,90,1,62,27,10604,7424,334,2846
2336,71,1,59,11,10675,7483,335,2857
2337,35,4,120,-89,10710,7603,339,2768
2338,78,0,61,17,10788,7664,339,2785
2339,101,0,62,39,10889,7726,339,2824
2340,85,3,86,-4,10974,7812,342,2820
2341,25,0,222,-197,10999,8034,342,2623
2342,25,1,68,-44,11024,8102,343,2579
2343,74,2,80,-8,11098,8182,345,2571
2344,112,2,89,21,11210,8271,347,2592
2345,49,1,68,-20,11259,8339,348,2572
2346,30,1,91,-62,11289,8430,349,2510
2347,48,1,92,-45,11337,8522,350,2465
2348,60,0,136,-76,11397,8658,350,2389
2349,62,0,108,-46,11459,8766,350,2343
2350,34,5,91,-62,11493,8857,355,2281
2351,89,2,106,-19,11582,8963,357,2262
2352,99,2,78,19,11681,9041,359,2281
2353,60,0,80,-20,11741,9121,359,2261
2354,105,0,74,31,11846,9195,359,2292
2355,79,0,74,5,11925,9269,359,2297
2356,130,4,91,35,12055,9360,363,2332
2357,57,3,88,-34,12112,9448,366,2298
2358,85,1,63,21,12197,9511,367,2319
2359,151,2,62,87,12348,9573,369,2406
2360,211,1,49,161,12559,9622,370,2567
2361,11,1,82,-72,12570,9704,371,2495
2362,50,1,104,-55,12620,9808,372,2440
2363,146,1,40,105,12766,9848,373,2545
2364,133,0,1,132,12899,9849,373,2677
2365,162,1,139,22,13061,9988,374,2699
2366,52,1,76,-25,13113,10064,375,2674
2367,80,4,46,30,13193,10110,379,2704
2368,180,3,63,114,13373,10173,382,2818
2369,105,0,0,105,13478,10173,382,2923
2370,148,3,130,15,13626,10303,385,2938
2371,120,0,13,107,13746,10316,385,3045
2372,176,1,72,103,13922,10388,386,3148
2373,177,2,55,120,14099,10443,388,3268
2374,172,8,77,87,14271,10520,396,3355
2375,44,3,96,-55,14315,10616,399,3300
2376,129,1,89,39,14444,10705,400,3339
2377,123,1,78,44,14567,10783,401,3383
2378,162,3,72,87,14729,10855,404,3470
2379,170,1,84,85,14899,10939,405,3555
2380,162,4,149,9,15061,11088,409,3564
2381,154,3,221,-70,15215,11309,412,3494
2382,78,0,170,-92,15293,11479,412,3402
2383,142,3,454,-315,15435,11933,415,3087
2384,75,4,374,-303,15510,12307,419,2784
2385,110,0,233,-123,15620,12540,419,2661
2386,67,0,196,-129,15687,12736,419,2532
2387,57,4,120,-67,15744,12856,423,2465
2388,72,3,118,-49,15816,12974,426,2416
2389,15,0,152,-137,15831,13126,426,2279
2390,58,0,197,-139,15889,13323,426,2140
2391,130,0,83,47,16019,13406,426,2187
2392,199,2,122,75,16218,13528,428,2262
2393,107,2,124,-19,16325,13652,430,2243
2394,147,2,107,38,16472,13759,432,2281
2395,136,1,89,46,16608,13848,433,2327
2396,89,2,157,-70,16697,14005,435,2257
2397,136,4,222,-90,16833,14227,439,2167
2398,136,2,86,48,16969,14313,441,2215
2399,114,0,118,-4,17083,14431,441,2211
2400,119,0,166,-47,17202,14597,441,2164
2401,64,2,182,-120,17266,14779,443,2044
2402,136,1,117,18,17402,14896,444,2062
2403,42,0,88,-46,17444,14984,444,2016
2404,88,0,99,-11,17532,15083,444,2005
2405,114,0,187,-73,17646,15270,444,1932
2406,73,0,101,-28,17719,15371,444,1904
2407,60,2,87,-29,17779,15458,446,1875
2408,73,0,57,16,17852,15515,446,1891
2409,46,4,96,-54,17898,15611,450,1837
2410,14,0,80,-66,17912,15691,450,1771
2411,188,0,365,-177,18100,16056,450,1594
2412,115,2,108,5,18215,16164,452,1599
2413,33,10,74,-51,18248,16238,462,1548
2414,43,1,99,-57,18291,16337,463,1491
2415,9,3,62,-56,18300,16399,466,1435
2416,29,0,101,-72,18329,16500,466,1363
2417,2,1,57,-56,18331,16557,467,1307
2418,26,0,42,-16,18357,16599,467,1291
2419,75,2,69,4,18432,16668,469,1295
2420,75,0,45,30,18507,16713,469,1325
2421,28,0,33,-5,18535,16746,469,1320
2422,138,0,48,90,18673,16794,469,1410
2423,77,0,42,35,18750,16836,469,1445
2424,58,1,15,42,18808,16851,470,1487
2425,48,1,83,-36,18856,16934,471,1451
2426,168,0,86,82,19024,17020,471,1533
2427,26,0,31,-5,19050,17051,471,1528
2428,131,0,45,86,19181,17096,471,1614
2429,69,2,35,32,19250,17131,473,1646
2430,75,0,10,65,19325,17141,473,1711
2431,47,0,107,-60,19372,17248,473,1651
2432,63,1,35,27,19435,17283,474,1678
2433,46,0,10,36,19481,17293,474,1714
2434,117,2,109,6,19598,17402,476,1720
2435,105,0,89,16,19703,17491,476,1736
2436,88,5,265,-182,19791,17756,481,1554
2437,99,3,172,-76,19890,17928,484,1478
2438,100,2,41,57,19990,17969,486,1535
2439,95,0,87,8,20085,18056,486,1543
2440,37,2,34,1,20122,18090,488,1544
2441,77,0,45,32,20199,18135,488,1576
2442,141,1,67,73,20340,18202,489,1649
2443,92,0,68,24,20432,18270,489,1673
2444,113,1,59,53,20545,18329,490,1726
2445,105,2,108,-5,20650,18437,492,1721
2446,147,4,77,66,20797,18514,496,1787
2447,117,2,72,43,20914,18586,498,1830
2448,136,1,47,88,21050,18633,499,1918
2449,180,2,71,107,21230,18704,501,2025
2450,164,2,57,105,21394,18761,503,2130
2451,172,0,30,142,21566,18791,503,2272
2452,346,4,97,245,21912,18888,507,2517
2453,112,3,105,4,22024,18993,510,2521
2454,157,0,115,42,22181,19108,510,2563
2455,219,2,94,123,22400,19202,512,2686
2456,259,9,14,236,22659,19216,521,2922
2457,226,6,79,141,22885,19295,527,3063
2458,312,4,96,212,23197,19391,531,3275
2459,295,3,97,195,23492,19488,534,3470
2460,78,1,108,-31,23570,19596,535,3439
2461,448,2,118,328,24018,19714,537,3767
2462,334,4,114,216,24352,19828,541,3983
2463,530,2,114,414,24882,19942,543,4397
2464,391,4,245,142,25273,20187,547,4539
2465,489,5,2,482,25762,20189,552,5021
2466,559,7,234,318,26321,20423,559,5339
2467,539,5,855,-321,26860,21278,564,5018
2468,524,1,598,-75,27384,21876,565,4943
2469,520,4,500,16,27904,22376,569,4959
2470,411,2,349,60,28315,22725,571,5019
2471,547,4,494,49,28862,23219,575,5068
2472,262,3,927,-668,29124,24146,578,4400
2473,338,4,407,-73,29462,24553,582,4327
2474,567,3,250,314,30029,24803,585,4641
2475,537,8,947,-418,30566,25750,593,4223
2476,479,1,0,478,31045,25750,594,4701
2477,550,5,605,-60,31595,26355,599,4641
2478,590,5,36,549,32185,26391,604,5190
2479,595,3,56,536,32780,26447,607,5726
2480,510,2,313,195,33290,26760,609,5921
2481,639,6,774,-141,33929,27534,615,5780
2482,463,4,1407,-948,34392,28941,619,4832
2483,366,8,1122,-764,34758,30063,627,4068
2484,588,7,509,72,35346,30572,634,4140
2485,580,7,246,327,35926,30818,641,4467
2486,585,7,543,35,36511,31361,648,4502
2487,615,2,359,254,37126,31720,650,4756
2488,638,2,625,11,37764,32345,652,4767
2489,648,6,523,119,38412,32868,658,4886
2490,640,7,492,141,39052,33360,665,5027
2491,649,8,568,73,39701,33928,673,5100
2492,659,12,589,58,40360,34517,685,5158
2493,674,2,506,166,41034,35023,687,5324
2494,661,5,547,109,41695,35570,692,5433
2495,658,1,518,139,42353,36088,693,5572
2496,661,4,625,32,43014,36713,697,5604
2497,645,2,642,1,43659,37355,699,5605
2498,629,4,536,89,44288,37891,703,5694
2499,188,1,612,-425,44476,38503,704,5269
2500,205,6,556,-357,44681,39059,710,4912
2501,606,1,738,-133,45287,39797,711,4779
2502,348,9,536,-197,45635,40333,720,4582
2503,282,4,536,-258,45917,40869,724,4324
2504,679,4,558,117,46596,41427,728,4441
2505,334,4,538,-208,46930,41965,732,4233
2506,663,6,204,453,47593,42169,738,4686
2507,666,1,239,426,48259,42408,739,5112
2508,650,4,474,172,48909,42882,743,5284
2509,95,0,401,-306,49004,43283,743,4978
2510,161,5,304,-148,49165,43587,748,4830
2511,300,3,433,-136,49465,44020,751,4694
2512,226,3,263,-40,49691,44283,754,4654
2513,495,3,544,-52,50186,44827,757,4602
2514,274,10,532,-268,50460,45359,767,4334
2515,136,6,435,-305,50596,45794,773,4029
2516,166,1,70,95,50762,45864,774,4124
2517,180,0,143,37,50942,46007,774,4161
2518,129,1,214,-86,51071,46221,775,4075
2519,677,5,214,458,51748,46435,780,4533
2520,376,11,467,-102,52124,46902,791,4431
2521,355,13,261,81,52479,47163,804,4512
2522,160,0,278,-118,52639,47441,804,4394
2523,319,4,339,-24,52958,47780,808,4370
2524,116,5,466,-355,53074,48246,813,4015
2525,274,0,222,52,53348,48468,813,4067
2526,221,4,526,-309,53569,48994,817,3758
2527,201,6,396,-201,53770,49390,823,3557
2528,180,0,334,-154,53950,49724,823,3403
2529,258,2,208,48,54208,49932,825,3451
2530,506,0,270,236,54714,50202,825,3687
2531,388,3,293,92,55102,50495,828,3779
2532,423,3,326,94,55525,50821,831,3873
2533,339,4,206,129,55864,51027,835,4002
2534,249,3,238,8,56113,51265,838,4010
2535,84,0,266,-182,56197,51531,838,3828
2536,141,4,237,-100,56338,51768,842,3728
2537,178,10,305,-137,56516,52073,852,3591
2538,263,7,270,-14,56779,52343,859,3577
2539,196,2,314,-120,56975,52657,861,3457
2540,196,8,263,-75,57171,52920,869,3382
2541,166,4,309,-147,57337,53229,873,3235
2542,190,1,152,37,57527,53381,874,3272
2543,79,3,190,-114,57606,53571,877,3158
2544,92,1,138,-47,57698,53709,878,3111
2545,220,2,137,81,57918,53846,880,3192
2546,108,2,212,-106,58026,54058,882,3086
2547,133,5,163,-35,58159,54221,887,3051
2548,89,3,136,-50,58248,54357,890,3001
2549,67,0,160,-93,58315,54517,890,2908
2550,54,3,120,-69,58369,54637,893,2839
2551,117,1,179,-63,58486,54816,894,2776
2552,139,2,195,-58,58625,55011,896,2718
2553,146,5,225,-84,58771,55236,901,2634
2554,142,1,202,-61,58913,55438,902,2573
2555,60,2,243,-185,58973,55681,904,2388
2556,49,0,303,-254,59022,55984,904,2134
2557,53,1,196,-144,59075,56180,905,1990
2558,65,2,130,-67,59140,56310,907,1923
2559,77,0,160,-83,59217,56470,907,1840
2560,68,2,160,-94,59285,56630,909,1746
2561,32,0,187,-155,59317,56817,909,1591
2562,34,0,161,-127,59351,56978,909,1464
2563,35,1,139,-105,59386,57117,910,1359
2564,46,0,109,-63,59432,57226,910,1296
2565,104,0,115,-11,59536,57341,910,1285
2566,94,0,136,-42,59630,57477,910,1243
2567,83,0,159,-76,59713,57636,910,1167
2568,19,0,169,-150,59732,57805,910,1017
2569,54,0,117,-63,59786,57922,910,954
2570,58,0,157,-99,59844,58079,910,855
2571,31,3,113,-85,59875,58192,913,770
2572,209,0,128,81,60084,58320,913,851
2573,227,0,245,-18,60311,58565,913,833
2574,153,0,260,-107,60464,58825,913,726
2575,80,2,206,-128,60544,59031,915,598
2576,96,1,84,11,60640,59115,916,609
2577,30,0,130,-100,60670,59245,916,509
2578,43,0,47,-4,60713,59292,916,505
2579,94,0,80,14,60807,59372,916,519
2580,118,0,36,82,60925,59408,916,601
2581,93,0,56,37,61018,59464,916,638
2582,45,2,61,-18,61063,59525,918,620
2583,35,0,15,20,61098,59540,918,640
2584,22,0,10,12,61120,59550,918,652
2585,17,1,28,-12,61137,59578,919,640
2586,78,0,83,-5,61215,59661,919,635
2587,65,3,42,20,61280,59703,922,655
2588,20,5,150,-135,61300,59853,927,520
2589,27,3,93,-69,61327,59946,930,451
2590,14,1,19,-6,61341,59965,931,445
2591,7,0,51,-44,61348,60016,931,401
2592,14,0,70,-56,61362,60086,931,345
2593,57,0,40,17,61419,60126,931,362
2594,18,0,55,-37,61437,60181,931,325
2595,27,1,37,-11,61464,60218,932,314
2596,31,3,8,20,61495,60226,935,334
2597,25,0,16,9,61520,60242,935,343
2598,4,0,13,-9,61524,60255,935,334
2599,13,0,9,4,61537,60264,935,338
2600,21,0,8,13,61558,60272,935,351
2601,6,0,56,-50,61564,60328,935,301
2602,17,0,23,-6,61581,60351,935,295
2603,27,0,18,9,61608,60369,935,304
2604,17,0,14,3,61625,60383,935,307
2605,11,0,6,5,61636,60389,935,312
2606,27,0,15,12,61663,60404,935,324
2607,26,0,32,-6,61689,60436,935,318
2608,11,0,3,8,61700,60439,935,326
2609,2,0,5,-3,61702,60444,935,323
2610,6,0,4,2,61708,60448,935,325
2611,2,0,5,-3,61710,60453,935,322
2612,4,0,3,1,61714,60456,935,323
2613,20,1,29,-10,61734,60485,936,313
2614,22,0,25,-3,61756,60510,936,310
2615,39,0,16,23,61795,60526,936,333
2616,57,0,21,36,61852,60547,936,369
2617,54,1,37,16,61906,60584,937,385
2618,3,3,44,-44,61909,60628,940,341
2619,41,1,30,10,61950,60658,941,351
2620,14,1,8,5,61964,60666,942,356
2621,51,0,3,48,62015,60669,942,404
2622,9,0,4,5,62024,60673,942,409
2623,33,2,29,2,62057,60702,944,411
2624,32,1,29,2,62089,60731,945,413
2625,18,0,39,-21,62107,60770,945,392
2626,61,1,15,45,62168,60785,946,437
2627,8,0,16,-8,62176,60801,946,429
2628,3,0,64,-61,62179,60865,946,368
2629,50,0,24,26,62229,60889,946,394
2630,38,1,33,4,62267,60922,947,398
2631,13,1,0,12,62280,60922,948,410
2632,41,0,5,36,62321,60927,948,446
2633,26,0,20,6,62347,60947,948,452
2634,31,1,27,3,62378,60974,949,455
2635,98,0,34,64,62476,61008,949,519
2636,66,2,30,34,62542,61038,951,553
2637,45,2,69,-26,62587,61107,953,527
2638,32,1,31,0,62619,61138,954,527
2639,36,1,30,5,62655,61168,955,532
2640,17,0,27,-10,62672,61195,955,522
2641,8,4,44,-40,62680,61239,959,482
2642,41,1,41,-1,62721,61280,960,481
2643,32,1,3,28,62753,61283,961,509
2644,62,0,28,34,62815,61311,961,543
2645,63,0,9,54,62878,61320,961,597
2646,67,0,73,-6,62945,61393,961,591
2647,50,0,1,49,62995,61394,961,640
2648,35,2,26,7,63030,61420,963,647
2649,130,1,22,107,63160,61442,964,754
2650,130,0,17,113,63290,61459,964,867
2651,100,1,15,84,63390,61474,965,951
2652,151,2,19,130,63541,61493,967,1081
2653,126,2,55,69,63667,61548,969,1150
2654,93,5,102,-14,63760,61650,974,1136
2655,125,2,102,21,63885,61752,976,1157
2656,135,2,73,60,64020,61825,978,1217
2657,212,8,79,125,64232,61904,986,1342
2658,253,1,61,191,64485,61965,987,1533
2659,327,4,51,272,64812,62016,991,1805
2660,328,0,58,270,65140,62074,991,2075
2661,176,3,80,93,65316,62154,994,2168
2662,219,2,91,126,65535,62245,996,2294
2663,249,0,71,178,65784,62316,996,2472
2664,485,8,73,404,66269,62389,1004,2876
2665,500,10,148,342,66769,62537,1014,3218
2666,511,7,119,385,67280,62656,1021,3603
2667,573,8,203,362,67853,62859,1029,3965
2668,477,4,188,285,68330,63047,1033,4250
2669,290,6,222,62,68620,63269,1039,4312
2670,531,4,158,369,69151,63427,1043,4681
2671,548,6,206,336,69699,63633,1049,5017
2672,594,5,232,357,70293,63865,1054,5374
2673,739,12,288,439,71032,64153,1066,5813
2674,772,11,260,501,71804,64413,1077,6314
2675,434,17,347,70,72238,64760,1094,6384
2676,351,17,322,12,72589,65082,1111,6396
2677,491,19,370,102,73080,65452,1130,6498
2678,233,16,248,-31,73313,65700,1146,6467
2679,954,12,404,538,74267,66104,1158,7005
2680,1286,19,480,787,75553,66584,1177,7792
2681,815,7,297,511,76368,66881,1184,8303
2682,880,19,643,218,77248,67524,1203,8521
2683,657,6,613,38,77905,68137,1209,8559
2684,954,17,742,195,78859,68879,1226,8754
2685,1145,35,721,389,80004,69600,1261,9143
2686,1359,27,574,758,81363,70174,1288,9901
2687,1082,29,351,702,82445,70525,1317,10603
2688,1268,21,699,548,83713,71224,1338,11151
2689,796,28,695,73,84509,71919,1366,11224
2690,540,17,670,-147,85049,72589,1383,11077
2691,1131,17,540,574,86180,73129,1400,11651
2692,1243,35,589,619,87423,73718,1435,12270
2693,1197,25,605,567,88620,74323,1460,12837
2694,1166,25,1133,8,89786,75456,1485,12845
2695,832,21,627,184,90618,76083,1506,13029
2696,735,28,726,-19,91353,76809,1534,13010
2697,807,30,1761,-984,92160,78570,1564,12026
2698,963,26,887,50,93123,79457,1590,12076
2699,1027,28,980,19,94150,80437,1618,12095
2700,698,28,868,-198,94848,81305,1646,11897
2701,1087,28,1001,58,95935,82306,1674,11955
2702,1018,16,1015,-13,96953,83321,1690,11942
2703,641,26,684,-69,97594,84005,1716,11873
2704,336,19,822,-505,97930,84827,1735,11368
2705,473,30,757,-314,98403,85584,1765,11054
2706,493,16,523,-46,98896,86107,1781,11008
2707,0,8,13,-21,98896,86120,1789,10987
2708,1,0,0,1,98897,86120,1789,10988
2709,1,0,1,0,1,1,0,0
2710,0,0,0,0,1,1,0,0
2711,1,0,3,-2,2,4,0,-2
2712,0,0,0,0,2,4,0,-2
2713,0,0,8,-8,2,12,0,-10
2714,0,0,8,-8,2,20,0,-18
2715,0,1,2,-3,2,22,1,-21
2716,1,1,0,0,3,22,2,-21
2717,1,0,2,-1,4,24,2,-22
2718,1,0,5,-4,5,29,2,-26
2719,1,0,4,-3,6,33,2,-29
2720,0,1,3,-4,6,36,3,-33
2721,0,1,1,-2,6,37,4,-35
2722,0,1,3,-4,6,40,5,-39
2723,0,3,3,-6,6,43,8,-45
2724,0,0,2,-2,6,45,8,-47
2725,0,2,0,-2,6,45,10,-49
2726,0,2,3,-5,6,48,12,-54
2727,0,1,3,-4,6,51,13,-58
2728,0,1,3,-4,6,54,14,-62
2729,0,0,4,-4,6,58,14,-66
2730,25,2,3,20,31,61,16,-46
2731,10,2,7,1,41,68,18,-45
2732,2,2,2,-2,43,70,20,-47
2733,22,0,3,19,65,73,20,-28
2734,14,2,1,11,79,74,22,-17
2735,12,1,6,5,91,80,23,-12
2736,6,2,1,3,97,81,25,-9
2737,4,0,4,0,101,85,25,-9
2738,3,2,2,-1,104,87,27,-10
2739,4,2,4,-2,108,91,29,-12
2740,11,2,8,1,119,99,31,-11
2741,6,0,4,2,125,103,31,-9
2742,19,0,6,13,144,109,31,4
2743,4,3,10,-9,148,119,34,-5
2744,21,1,4,16,169,123,35,11
2745,31,2,20,9,200,143,37,20
2746,2,1,7,-6,202,150,38,14
2747,4,2,9,-7,206,159,40,7
2748,6,2,3,1,212,162,42,8
2749,1,1,8,-8,213,170,43,0
2750,15,0,4,11,228,174,43,11
2751,9,1,8,0,237,182,44,11
2752,12,1,4,7,249,186,45,18
2753,3,0,4,-1,252,190,45,17
2754,30,0,8,22,282,198,45,39
2755,0,4,6,-10,282,204,49,29
2756,3,0,7,-4,285,211,49,25
2757,3,0,1,2,288,212,49,27
2758,23,0,2,21,311,214,49,48
2759,11,2,2,7,322,216,51,55
2760,0,4,1,-5,322,217,55,50
2761,12,1,5,6,334,222,56,56
2762,6,0,3,3,340,225,56,59
2763,0,0,11,-11,340,236,56,48
2764,16,0,9,7,356,245,56,55
2765,15,0,3,12,371,248,56,67
2766,9,1,9,-1,380,257,57,66
2767,5,0,1,4,385,258,57,70
2768,14,0,9,5,399,267,57,75
2769,12,2,19,-9,411,286,59,66
2770,29,0,4,25,440,290,59,91
2771,0,0,3,-3,440,293,59,88
2772,20,1,7,12,460,300,60,100
2773,22,1,5,16,482,305,61,116
2774,10,0,7,3,492,312,61,119
2775,8,0,5,3,500,317,61,122
2776,18,0,5,13,518,322,61,135
2777,20,0,6,14,538,328,61,149
2778,14,2,16,-4,552,344,63,145
2779,28,0,18,10,580,362,63,155
2780,0,0,9,-9,580,371,63,146
2781,24,0,9,15,604,380,63,161
2782,31,0,18,13,635,398,63,174
2783,21,0,15,6,656,413,63,180
2784,1,0,30,-29,657,443,63,151
2785,53,1,8,44,710,451,64,195
2786,15,1,7,7,725,458,65,202
2787,0,0,6,-6,725,464,65,196
2788,21,0,4,17,746,468,65,213
2789,0,0,6,-6,746,474,65,207
2790,18,0,10,8,764,484,65,215
2791,11,0,10,1,775,494,65,216
2792,14,3,19,-8,789,513,68,208
2793,13,0,12,1,802,525,68,209
2794,14,0,25,-11,816,550,68,198
2795,3,0,0,3,819,550,68,201
2796,7,1,11,-5,826,561,69,196
2797,14,0,21,-7,840,582,69,189
2798,71,0,25,46,911,607,69,235
2799,10,0,11,-1,921,618,69,234
2800,24,1,25,-2,945,643,70,232
2801,36,1,6,29,981,649,71,261
2802,10,1,2,7,991,651,72,268
2803,11,1,5,5,1002,656,73,273
2804,16,1,8,7,1018,664,74,280
2805,33,0,46,-13,1051,710,74,267
2806,25,0,25,0,1076,735,74,267
2807,35,0,12,23,1111,747,74,290
2808,74,1,2,71,1185,749,75,361
2809,9,0,8,1,1194,757,75,362
2810,4,0,25,-21,1198,782,75,341
2811,37,0,9,28,1235,791,75,369
2812,31,0,25,6,1266,816,75,375
2813,17,0,16,1,1283,832,75,376
2814,5,0,24,-19,1288,856,75,357
2815,16,0,14,2,1304,870,75,359
2816,9,0,6,3,1313,876,75,362
2817,8,1,21,-14,1321,897,76,348
2818,11,0,15,-4,1332,912,76,344
2819,20,1,36,-17,1352,948,77,327
2820,17,0,6,11,1369,954,77,338
2821,13,0,6,7,1382,960,77,345
2822,20,0,3,17,1402,963,77,362
2823,4,1,12,-9,1406,975,78,353
2824,3,0,6,-3,1409,981,78,350
2825,11,0,7,4,1420,988,78,354
2826,11,0,12,-1,1431,1000,78,353
2827,10,0,10,0,1441,1010,78,353
2828,21,0,21,0,1462,1031,78,353
2829,14,1,12,1,1476,1043,79,354
2830,7,1,6,0,1483,1049,80,354
2831,12,1,5,6,1495,1054,81,360
2832,6,0,10,-4,1501,1064,81,356
2833,16,0,15,1,1517,1079,81,357
2834,13,1,24,-12,1530,1103,82,345
2835,11,0,27,-16,1541,1130,82,329
2836,7,1,16,-10,1548,1146,83,319
2837,13,0,9,4,1561,1155,83,323
2838,11,3,4,4,1572,1159,86,327
2839,9,0,7,2,1581,1166,86,329
2840,4,0,7,-3,1585,1173,86,326
2841,17,0,13,4,1602,1186,86,330
2842,11,0,5,6,1613,1191,86,336
2843,8,1,11,-4,1621,1202,87,332
2844,17,3,4,10,1638,1206,90,342
2845,8,0,23,-15,1646,1229,90,327
2846,8,0,21,-13,1654,1250,90,314
2847,3,0,15,-12,1657,1265,90,302
2848,10,1,4,5,1667,1269,91,307
2849,12,0,10,2,1679,1279,91,309
2850,5,1,12,-8,1684,1291,92,301
2851,14,0,3,11,1698,1294,92,312
2852,10,0,23,-13,1708,1317,92,299
2853,9,1,15,-7,1717,1332,93,292
2854,15,1,28,-14,1732,1360,94,278
2855,29,3,17,9,1761,1377,97,287
2856,34,1,11,22,1795,1388,98,309
2857,23,0,39,-16,1818,1427,98,293
2858,12,1,10,1,1830,1437,99,294
2859,21,0,15,6,1851,1452,99,300
2860,33,0,14,19,1884,1466,99,319
2861,23,0,13,10,1907,1479,99,329
2862,32,2,13,17,1939,1492,101,346
2863,34,0,15,19,1973,1507,101,365
2864,22,0,23,-1,1995,1530,101,364
2865,24,0,9,15,2019,1539,101,379
2866,23,1,37,-15,2042,1576,102,364
2867,19,2,18,-1,2061,1594,104,363
2868,48,1,16,31,2109,1610,105,394
2869,37,2,16,19,2146,1626,107,413
2870,21,2,9,10,2167,1635,109,423
2871,33,1,35,-3,2200,1670,110,420
2872,43,1,18,24,2243,1688,111,444
2873,17,0,6,11,2260,1694,111,455
2874,64,0,29,35,2324,1723,111,490
2875,47,1,13,33,2371,1736,112,523
2876,23,2,35,-14,2394,1771,114,509
2877,36,1,42,-7,2430,1813,115,502
2878,42,2,21,19,2472,1834,117,521
2879,32,2,46,-16,2504,1880,119,505
2880,60,3,27,30,2564,1907,122,535
2881,33,0,52,-19,2597,1959,122,516
2882,29,0,28,1,2626,1987,122,517
2883,59,1,124,-66,2685,2111,123,451
2884,42,3,73,-34,2727,2184,126,417
2885,61,2,20,39,2788,2204,128,456
2886,45,0,20,25,2833,2224,128,481
2887,31,2,44,-15,2864,2268,130,466
2888,29,1,57,-29,2893,2325,131,437
2889,70,0,30,40,2963,2355,131,477
2890,33,3,100,-70,2996,2455,134,407
2891,23,0,49,-26,3019,2504,134,381
2892,49,1,39,9,3068,2543,135,390
2893,85,2,51,32,3153,2594,137,422
2894,75,1,51,23,3228,2645,138,445
2895,57,2,48,7,3285,2693,140,452
2896,37,5,53,-21,3322,2746,145,431
2897,42,5,66,-29,3364,2812,150,402
2898,48,4,84,-40,3412,2896,154,362
2899,23,3,43,-23,3435,2939,157,339
2900,50,0,25,25,3485,2964,157,364
2901,57,1,69,-13,3542,3033,158,351
2902,63,2,46,15,3605,3079,160,366
2903,138,2,72,64,3743,3151,162,430
2904,121,3,39,79,3864,3190,165,509
2905,141,0,66,75,4005,3256,165,584
2906,128,0,76,52,4133,3332,165,636
2907,179,0,146,33,4312,3478,165,669
2908,122,2,268,-148,4434,3746,167,521
2909,131,4,64,63,4565,3810,171,584
2910,217,2,149,66,4782,3959,173,650
2911,130,4,53,73,4912,4012,177,723
2912,109,2,177,-70,5021,4189,179,653
2913,135,0,198,-63,5156,4387,179,590
2914,106,1,73,32,5262,4460,180,622
2915,129,2,125,2,5391,4585,182,624
2916,85,8,259,-182,5476,4844,190,442
2917,144,1,125,18,5620,4969,191,460
2918,102,5,129,-32,5722,5098,196,428
2919,82,0,190,-108,5804,5288,196,320
2920,134,5,107,22,5938,5395,201,342
2921,168,2,102,64,6106,5497,203,406
2922,137,2,165,-30,6243,5662,205,376
2923,98,3,134,-39,6341,5796,208,337
2924,81,3,63,15,6422,5859,211,352
2925,122,1,108,13,6544,5967,212,365
2926,141,1,101,39,6685,6068,213,404
2927,170,4,110,56,6855,6178,217,460
2928,106,1,81,24,6961,6259,218,484
2929,81,4,134,-57,7042,6393,222,427
2930,79,3,80,-4,7121,6473,225,423
2931,94,2,72,20,7215,6545,227,443
2932,111,3,99,9,7326,6644,230,452
2933,114,2,75,37,7440,6719,232,489
2934,127,2,60,65,7567,6779,234,554
2935,130,3,62,65,7697,6841,237,619
2936,122,4,118,0,7819,6959,241,619
2937,89,1,166,-78,7908,7125,242,541
2938,171,5,54,112,8079,7179,247,653
2939,220,2,124,94,8299,7303,249,747
2940,145,3,74,68,8444,7377,252,815
2941,102,3,123,-24,8546,7500,255,791
2942,226,4,126,96,8772,7626,259,887
2943,120,0,86,34,8892,7712,259,921
2944,124,5,94,25,9016,7806,264,946
2945,170,4,100,66,9186,7906,268,1012
2946,91,4,146,-59,9277,8052,272,953
2947,107,3,114,-10,9384,8166,275,943
2948,85,1,76,8,9469,8242,276,951
2949,90,2,59,29,9559,8301,278,980
2950,74,1,69,4,9633,8370,279,984
2951,71,3,109,-41,9704,8479,282,943
2952,90,2,66,22,9794,8545,284,965
2953,51,0,80,-29,9845,8625,284,936
2954,105,2,84,19,9950,8709,286,955
2955,125,8,80,37,10075,8789,294,992
2956,58,2,37,19,10133,8826,296,1011
2957,121,1,78,42,10254,8904,297,1053
2958,55,2,83,-30,10309,8987,299,1023
2959,124,3,55,66,10433,9042,302,1089
2960,100,3,75,22,10533,9117,305,1111
2961,111,1,41,69,10644,9158,306,1180
2962,167,3,67,97,10811,9225,309,1277
2963,159,3,71,85,10970,9296,312,1362
2964,0,3,93,-96,10970,9389,315,1266
2965,0,6,104,-110,10970,9493,321,1156
2966,54,4,106,-56,11024,9599,325,1100
2967,159,4,148,7,11183,9747,329,1107
2968,128,2,100,26,11311,9847,331,1133
2969,182,10,130,42,11493,9977,341,1175
2970,122,1,85,36,11615,10062,342,1211
2971,171,2,124,45,11786,10186,344,1256
2972,144,5,110,29,11930,10296,349,1285
2973,128,5,104,19,12058,10400,354,1304
2974,145,4,107,34,12203,10507,358,1338
2975,191,6,113,72,12394,10620,364,1410
2976,234,2,89,143,12628,10709,366,1553
2977,151,5,145,1,12779,10854,371,1554
2978,262,4,122,136,13041,10976,375,1690
2979,154,2,120,32,13195,11096,377,1722
2980,121,4,109,8,13316,11205,381,1730
2981,131,3,125,3,13447,11330,384,1733
2982,131,5,91,35,13578,11421,389,1768
2983,143,6,140,-3,13721,11561,395,1765
2984,134,3,158,-27,13855,11719,398,1738
2985,133,7,169,-43,13988,11888,405,1695
2986,98,5,154,-61,14086,12042,410,1634
2987,166,4,159,3,14252,12201,414,1637
2988,169,5,177,-13,14421,12378,419,1624
2989,192,5,142,45,14613,12520,424,1669
2990,204,4,168,32,14817,12688,428,1701
2991,136,3,109,24,14953,12797,431,1725
2992,138,4,146,-12,15091,12943,435,1713
2993,166,6,151,9,15257,13094,441,1722
2994,176,5,131,40,15433,13225,446,1762
2995,181,4,142,35,15614,13367,450,1797
2996,156,8,123,25,15770,13490,458,1822
2997,181,7,171,3,15951,13661,465,1825
2998,194,3,164,27,16145,13825,468,1852
2999,190,4,148,38,16335,13973,472,1890
3000,239,5,145,89,16574,14118,477,1979
3001,186,6,133,47,16760,14251,483,2026
3002,154,4,150,0,16914,14401,487,2026
3003,166,5,213,-52,17080,14614,492,1974
3004,241,6,165,70,17321,14779,498,2044
3005,150,4,155,-9,17471,14934,502,2035
3006,120,3,203,-86,17591,15137,505,1949
3007,121,7,123,-9,17712,15260,512,1940
3008,172,6,154,12,17884,15414,518,1952
3009,270,2,169,99,18154,15583,520,2051
3010,287,12,188,87,18441,15771,532,2138
3011,246,9,342,-105,18687,16113,541,2033
3012,136,2,127,7,18823,16240,543,2040
3013,158,4,250,-96,18981,16490,547,1944
3014,164,8,203,-47,19145,16693,555,1897
3015,189,5,131,53,19334,16824,560,1950
3016,364,7,211,146,19698,17035,567,2096
3017,253,6,213,34,19951,17248,573,2130
3018,275,7,166,102,20226,17414,580,2232
3019,272,7,209,56,20498,17623,587,2288
3020,177,5,196,-24,20675,17819,592,2264
3021,174,19,605,-450,20849,18424,611,1814
3022,185,7,250,-72,21034,18674,618,1742
3023,240,6,211,23,21274,18885,624,1765
3024,282,10,275,-3,21556,19160,634,1762
3025,257,5,176,76,21813,19336,639,1838
3026,283,7,224,52,22096,19560,646,1890
3027,245,3,422,-180,22341,19982,649,1710
3028,183,0,277,-94,22524,20259,649,1616
3029,286,8,229,49,22810,20488,657,1665
3030,237,3,165,69,23047,20653,660,1734
3031,321,3,234,84,23368,20887,663,1818
3032,357,10,206,141,23725,21093,673,1959
3033,410,3,175,232,24135,21268,676,2191
3034,289,4,165,120,24424,21433,680,2311
3035,525,7,309,209,24949,21742,687,2520
3036,302,6,146,150,25251,21888,693,2670
3037,44,8,618,-582,25295,22506,701,2088
3038,326,3,269,54,25621,22775,704,2142
3039,300,3,136,161,25921,22911,707,2303
3040,273,4,210,59,26194,23121,711,2362
3041,34,5,158,-129,26228,23279,716,2233
3042,37,18,542,-523,26265,23821,734,1710
3043,129,4,290,-165,26394,24111,738,1545
3044,26,5,196,-175,26420,24307,743,1370
3045,67,7,160,-100,26487,24467,750,1270
3046,47,5,245,-203,26534,24712,755,1067
3047,91,4,172,-85,26625,24884,759,982
3048,42,13,612,-583,26667,25496,772,399
3049,65,2,280,-217,26732,25776,774,182
3050,31,4,195,-168,26763,25971,778,14
3051,40,4,190,-154,26803,26161,782,-140
3052,147,1,134,12,26950,26295,783,-128
3053,114,9,382,-277,27064,26677,792,-405
3054,74,7,179,-112,27138,26856,799,-517
3055,179,5,258,-84,27317,27114,804,-601
3056,351,11,245,95,27668,27359,815,-506
3057,335,4,223,108,28003,27582,819,-398
3058,86,9,325,-248,28089,27907,828,-646
3059,73,2,334,-263,28162,28241,830,-909
3060,73,7,129,-63,28235,28370,837,-972
3061,249,6,107,136,28484,28477,843,-836
3062,114,3,246,-135,28598,28723,846,-971
3063,251,6,317,-72,28849,29040,852,-1043
3064,41,7,185,-151,28890,29225,859,-1194
3065,263,4,214,45,29153,29439,863,-1149
3066,236,3,281,-48,29389,29720,866,-1197
3067,37,7,178,-148,29426,29898,873,-1345
3068,46,4,220,-178,29472,30118,877,-1523
3069,21,3,194,-176,29493,30312,880,-1699
3070,97,2,193,-98,29590,30505,882,-1797
3071,73,5,245,-177,29663,30750,887,-1974
3072,11,5,260,-254,29674,31010,892,-2228
3073,515,7,184,324,30189,31194,899,-1904
3074,13,2,97,-86,30202,31291,901,-1990
3075,12,3,156,-147,30214,31447,904,-2137
3076,591,4,185,402,30805,31632,908,-1735
3077,100,3,256,-159,30905,31888,911,-1894
3078,138,1,159,-22,31043,32047,912,-1916
3079,49,1,184,-136,31092,32231,913,-2052
3080,484,6,83,395,31576,32314,919,-1657
3081,248,0,85,163,31824,32399,919,-1494
3082,315,2,67,246,32139,32466,921,-1248
3083,290,2,125,163,32429,32591,923,-1085
3084,247,2,132,113,32676,32723,925,-972
3085,861,3,249,609,33537,32972,928,-363
3086,293,4,80,209,33830,33052,932,-154
3087,325,5,80,240,34155,33132,937,86
3088,233,2,64,167,34388,33196,939,253
3089,211,0,47,164,34599,33243,939,417
3090,440,0,46,394,35039,33289,939,811
3091,298,2,76,220,35337,33365,941,1031
3092,259,1,165,93,35596,33530,942,1124
3093,91,0,47,44,35687,33577,942,1168
3094,176,2,51,123,35863,33628,944,1291
3095,220,0,71,149,36083,33699,944,1440
3096,79,0,29,50,36162,33728,944,1490
3097,328,1,90,237,36490,33818,945,1727
3098,319,1,90,228,36809,33908,946,1955
3099,950,5,701,244,37759,34609,951,2199
3100,905,12,751,142,38664,35360,963,2341
3101,850,8,364,478,39514,35724,971,2819
3102,910,11,154,745,40424,35878,982,3564
3103,3501,177,5599,-2275,43925,41477,1159,1289
3104,259,0,87,172,44184,41564,1159,1461
3105,187,0,11,176,44371,41575,1159,1637
3106,163,1,128,34,44534,41703,1160,1671
3107,121,1,38,82,44655,41741,1161,1753
3108,143,4,61,78,44798,41802,1165,1831
3109,99,2,25,72,44897,41827,1167,1903
3110,105,1,65,39,45002,41892,1168,1942
3111,331,2,205,124,45333,42097,1170,2066
3112,183,1,152,30,45516,42249,1171,2096
3113,86,1,102,-17,45602,42351,1172,2079
3114,81,1,95,-15,45683,42446,1173,2064
3115,152,3,54,95,45835,42500,1176,2159
3116,102,9,77,16,45937,42577,1185,2175
3117,50,0,249,-199,45987,42826,1185,1976
3118,75,1,36,38,46062,42862,1186,2014
3119,109,1,39,69,46171,42901,1187,2083
3120,70,2,167,-99,46241,43068,1189,1984
3121,102,1,93,8,46343,43161,1190,1992
3122,173,2,98,73,46516,43259,1192,2065
3123,58,0,122,-64,46574,43381,1192,2001
3124,80,2,136,-58,46654,43517,1194,1943
3125,220,1,170,49,46874,43687,1195,1992
3126,227,0,198,29,47101,43885,1195,2021
3127,60,0,54,6,47161,43939,1195,2027
3128,110,0,130,-20,47271,44069,1195,2007
3129,72,10,32,30,47343,44101,1205,2037
3130,53,0,28,25,47396,44129,1205,2062
3131,55,2,68,-15,47451,44197,1207,2047
3132,126,0,44,82,47577,44241,1207,2129
3133,112,4,163,-55,47689,44404,1211,2074
3134,73,3,193,-123,47762,44597,1214,1951
3135,65,1,37,27,47827,44634,1215,1978
3136,68,0,50,18,47895,44684,1215,1996
3137,81,4,32,45,47976,44716,1219,2041
3138,61,0,174,-113,48037,44890,1219,1928
3139,92,4,71,17,48129,44961,1223,1945
3140,82,1,45,36,48211,45006,1224,1981
3141,56,0,24,32,48267,45030,1224,2013
3142,34,0,1,33,48301,45031,1224,2046
3143,39,0,15,24,48340,45046,1224,2070
3144,22,0,99,-77,48362,45145,1224,1993
3145,66,2,42,22,48428,45187,1226,2015
3146,53,2,320,-269,48481,45507,1228,1746
3147,29,2,0,27,48510,45507,1230,1773
3148,53,1,64,-12,48563,45571,1231,1761
3149,87,1,344,-258,48650,45915,1232,1503
3150,62,2,84,-24,48712,45999,1234,1479
3151,66,4,100,-38,48778,46099,1238,1441
3152,36,2,52,-18,48814,46151,1240,1423
3153,49,1,51,-3,48863,46202,1241,1420
3154,89,2,9,78,48952,46211,1243,1498
3155,44,0,23,21,48996,46234,1243,1519
3156,156,2,45,109,49152,46279,1245,1628
3157,53,2,62,-11,49205,46341,1247,1617
3158,72,3,71,-2,49277,46412,1250,1615
3159,46,0,60,-14,49323,46472,1250,1601
3160,153,2,279,-128,49476,46751,1252,1473
3161,119,1,30,88,49595,46781,1253,1561
3162,69,0,55,14,49664,46836,1253,1575
3163,100,3,87,10,49764,46923,1256,1585
3164,142,3,23,116,49906,46946,1259,1701
3165,89,2,33,54,49995,46979,1261,1755
3166,47,0,32,15,50042,47011,1261,1770
3167,100,0,42,58,50142,47053,1261,1828
3168,142,4,86,52,50284,47139,1265,1880
3169,103,1,25,77,50387,47164,1266,1957
3170,188,4,50,134,50575,47214,1270,2091
3171,214,2,162,50,50789,47376,1272,2141
3172,214,3,84,127,51003,47460,1275,2268
3173,198,4,50,144,51201,47510,1279,2412
3174,255,3,53,199,51456,47563,1282,2611
3175,141,1,54,86,51597,47617,1283,2697
3176,157,3,38,116,51754,47655,1286,2813
3177,168,6,31,131,51922,47686,1292,2944
3178,249,1,166,82,52171,47852,1293,3026
3179,278,7,105,166,52449,47957,1300,3192
3180,228,4,151,73,52677,48108,1304,3265
3181,333,7,87,239,53010,48195,1311,3504
3182,462,4,233,225,53472,48428,1315,3729
3183,275,9,220,46,53747,48648,1324,3775
3184,599,5,197,397,54346,48845,1329,4172
3185,313,5,30,278,54659,48875,1334,4450
3186,266,4,19,243,54925,48894,1338,4693
3187,698,19,289,390,55623,49183,1357,5083
3188,494,7,195,292,56117,49378,1364,5375
3189,521,9,201,311,56638,49579,1373,5686
3190,486,17,74,395,57124,49653,1390,6081
3191,300,2,19,279,57424,49672,1392,6360
3192,302,5,20,277,57726,49692,1397,6637
3193,715,7,21,687,58441,49713,1404,7324
3194,621,17,25,579,59062,49738,1421,7903
3195,541,3,25,513,59603,49763,1424,8416
3196,457,6,268,183,60060,50031,1430,8599
3197,612,13,168,431,60672,50199,1443,9030
3198,503,5,143,355,61175,50342,1448,9385
3199,514,4,49,461,61689,50391,1452,9846
3200,569,8,464,97,62258,50855,1460,9943
3201,679,9,305,365,62937,51160,1469,10308
3202,2637,8,322,2307,65574,51482,1477,12615
3203,4016,2,985,3029,69590,52467,1479,15644
3204,3886,21,378,3487,73476,52845,1500,19131
3205,3994,10,884,3100,77470,53729,1510,22231
3206,3680,19,801,2860,81150,54530,1529,25091
3207,3424,12,468,2944,84574,54998,1541,28035
3208,3138,9,310,2819,87712,55308,1550,30854
3209,2165,5,399,1761,89877,55707,1555,32615
3210,2865,10,480,2375,92742,56187,1565,34990
3211,1903,29,1316,558,94645,57503,1594,35548
3212,3333,20,775,2538,97978,58278,1614,38086
3213,2626,25,420,2181,100604,58698,1639,40267
3214,2328,15,458,1855,102932,59156,1654,42122
3215,1619,15,503,1101,104551,59659,1669,43223
3216,883,10,788,85,105434,60447,1679,43308
3217,1610,35,915,660,107044,61362,1714,43968
3218,1642,40,1645,-43,108686,63007,1754,43925
3219,1464,28,3958,-2522,110150,66965,1782,41403
3220,1209,56,2401,-1248,111359,69366,1838,40155
3221,1366,81,3992,-2707,112725,73358,1919,37448
3222,1325,72,8040,-6787,114050,81398,1991,30661
3223,1061,90,3261,-2290,115111,84659,2081,28371
3224,1368,85,1311,-28,116479,85970,2166,28343
3225,976,80,2416,-1520,117455,88386,2246,26823
3226,964,17,771,176,118419,89157,2263,26999
3227,1003,16,6899,-5912,119422,96056,2279,21087
3228,810,14,2621,-1825,120232,98677,2293,19262
3229,450,25,2072,-1647,120682,100749,2318,17615
3230,337,31,2487,-2181,121019,103236,2349,15434
3231,842,15,1510,-683,121861,104746,2364,14751
3232,675,29,1245,-599,122536,105991,2393,14152
3233,395,24,351,20,122931,106342,2417,14172
3234,713,17,3824,-3128,123644,110166,2434,11044
3235,605,17,1053,-465,124249,111219,2451,10579
3236,406,25,1419,-1038,124655,112638,2476,9541
3237,208,20,1399,-1211,124863,114037,2496,8330
3238,402,13,1321,-932,125265,115358,2509,7398
3239,210,15,631,-436,125475,115989,2524,6962
3240,0,11,171,-182,125475,116160,2535,6780
3241,1,1,0,0,125476,116160,2536,6780
3242,2,0,0,2,2,0,0,2
3243,2,0,0,2,4,0,0,4
3244,0,0,0,0,4,0,0,4
3245,0,0,0,0,4,0,0,4
3246,0,0,0,0,4,0,0,4
3247,0,0,0,0,4,0,0,4
3248,3,0,0,3,7,0,0,7
3249,0,0,0,0,7,0,0,7
3250,0,0,0,0,7,0,0,7
3251,6,0,2,4,13,2,0,11
3252,9,0,0,9,22,2,0,20
3253,2,2,0,0,24,2,2,20
3254,9,0,0,9,33,2,2,29
3255,3,0,0,3,36,2,2,32
3256,0,0,0,0,36,2,2,32
3257,0,0,0,0,36,2,2,32
3258,8,0,0,8,44,2,2,40
3259,6,0,0,6,50,2,2,46
3260,4,0,0,4,54,2,2,50
3261,6,1,9,-4,60,11,3,46
3262,11,1,0,10,71,11,4,56
3263,21,0,0,21,92,11,4,77
3264,15,0,0,15,107,11,4,92
3265,7,0,2,5,114,13,4,97
3266,38,0,2,36,152,15,4,133
3267,28,0,5,23,180,20,4,156
3268,15,0,0,15,195,20,4,171
3269,11,0,2,9,206,22,4,180
3270,15,0,2,13,221,24,4,193
3271,9,0,7,2,230,31,4,195
3272,0,0,0,0,230,31,4,195
3273,3,0,0,3,233,31,4,198
3274,17,0,1,16,250,32,4,214
3275,18,0,4,14,268,36,4,228
3276,0,0,0,0,268,36,4,228
3277,16,0,10,6,284,46,4,234
3278,5,1,7,-3,289,53,5,231
3279,11,0,4,7,300,57,5,238
3280,12,0,22,-10,312,79,5,228
3281,18,1,7,10,330,86,6,238
3282,0,0,5,-5,330,91,6,233
3283,1,0,13,-12,331,104,6,221
3284,8,0,0,8,339,104,6,229
3285,5,1,9,-5,344,113,7,224
3286,6,0,24,-18,350,137,7,206
3287,8,0,50,-42,358,187,7,164
3288,7,0,0,7,365,187,7,171
3289,6,0,12,-6,371,199,7,165
3290,4,0,13,-9,375,212,7,156
3291,0,0,0,0,375,212,7,156
3292,18,0,0,18,393,212,7,174
3293,17,0,4,13,410,216,7,187
3294,54,0,3,51,464,219,7,238
3295,10,1,7,2,474,226,8,240
3296,4,0,0,4,478,226,8,244
3297,0,0,31,-31,478,257,8,213
3298,10,0,0,10,488,257,8,223
3299,49,1,14,34,537,271,9,257
3300,25,1,1,23,562,272,10,280
3301,28,0,3,25,590,275,10,305
3302,4,0,3,1,594,278,10,306
3303,42,0,12,30,636,290,10,336
3304,16,0,1,15,652,291,10,351
3305,18,2,0,16,670,291,12,367
3306,15,1,5,9,685,296,13,376
3307,20,4,2,14,705,298,17,390
3308,52,3,0,49,757,298,20,439
3309,41,1,12,28,798,310,21,467
3310,10,0,14,-4,808,324,21,463
3311,14,1,0,13,822,324,22,476
3312,8,3,0,5,830,324,25,481
3313,27,3,78,-54,857,402,28,427
3314,11,3,44,-36,868,446,31,391
3315,23,0,72,-49,891,518,31,342
3316,13,2,20,-9,904,538,33,333
3317,11,0,36,-25,915,574,33,308
3318,22,2,31,-11,937,605,35,297
3319,20,0,15,5,957,620,35,302
3320,21,6,30,-15,978,650,41,287
3321,30,2,20,8,1008,670,43,295
3322,14,0,19,-5,1022,689,43,290
3323,29,1,33,-5,1051,722,44,285
3324,5,0,7,-2,1056,729,44,283
3325,11,1,13,-3,1067,742,45,280
3326,14,0,8,6,1081,750,45,286
3327,21,2,19,0,1102,769,47,286
3328,17,2,6,9,1119,775,49,295
3329,23,0,11,12,1142,786,49,307
3330,21,1,5,15,1163,791,50,322
3331,36,9,19,8,1199,810,59,330
3332,14,0,6,8,1213,816,59,338
3333,21,1,8,12,1234,824,60,350
3334,11,3,7,1,1245,831,63,351
3335,15,0,11,4,1260,842,63,355
3336,23,0,25,-2,1283,867,63,353
3337,28,1,6,21,1311,873,64,374
3338,18,0,9,9,1329,882,64,383
3339,32,0,7,25,1361,889,64,408
3340,30,1,8,21,1391,897,65,429
3341,23,6,23,-6,1414,920,71,423
3342,29,1,12,16,1443,932,72,439
3343,36,2,14,20,1479,946,74,459
3344,39,0,14,25,1518,960,74,484
3345,30,3,13,14,1548,973,77,498
3346,23,4,22,-3,1571,995,81,495
3347,21,1,24,-4,1592,1019,82,491
3348,26,3,14,9,1618,1033,85,500
3349,30,0,27,3,1648,1060,85,503
3350,21,1,11,9,1669,1071,86,512
3351,25,3,13,9,1694,1084,89,521
3352,31,5,19,7,1725,1103,94,528
3353,34,2,1,31,1759,1104,96,559
3354,18,2,14,2,1777,1118,98,561
3355,12,0,10,2,1789,1128,98,563
3356,33,0,13,20,1822,1141,98,583
3357,28,5,15,8,1850,1156,103,591
3358,33,0,13,20,1883,1169,103,611
3359,20,1,22,-3,1903,1191,104,608
3360,23,3,21,-1,1926,1212,107,607
3361,20,1,6,13,1946,1218,108,620
3362,40,0,30,10,1986,1248,108,630
3363,36,0,12,24,2022,1260,108,654
3364,43,2,24,17,2065,1284,110,671
3365,0,0,0,0,2065,1284,110,671
3366,50,5,26,19,2115,1310,115,690
3367,35,2,9,24,2150,1319,117,714
3368,21,2,11,8,2171,1330,119,722
3369,26,2,29,-5,2197,1359,121,717
3370,27,1,15,11,2224,1374,122,728
3371,15,0,27,-12,2239,1401,122,716
3372,24,1,8,15,2263,1409,123,731
3373,27,0,14,13,2290,1423,123,744
3374,26,2,10,14,2316,1433,125,758
3375,22,3,55,-36,2338,1488,128,722
3376,24,1,54,-31,2362,1542,129,691
3377,13,0,48,-35,2375,1590,129,656
3378,24,0,18,6,2399,1608,129,662
3379,22,2,15,5,2421,1623,131,667
3380,15,0,20,-5,2436,1643,131,662
3381,22,1,13,8,2458,1656,132,670
3382,23,2,19,2,2481,1675,134,672
3383,24,1,21,2,2505,1696,135,674
3384,21,1,29,-9,2526,1725,136,665
3385,24,2,110,-88,2550,1835,138,577
3386,14,3,26,-15,2564,1861,141,562
3387,18,2,15,1,2582,1876,143,563
3388,14,5,8,1,2596,1884,148,564
3389,17,2,18,-3,2613,1902,150,561
3390,28,2,16,10,2641,1918,152,571
3391,21,3,21,-3,2662,1939,155,568
3392,23,1,27,-5,2685,1966,156,563
3393,42,0,27,15,2727,1993,156,578
3394,1,1,24,-24,2728,2017,157,554
3395,14,2,28,-16,2742,2045,159,538
3396,16,3,28,-15,2758,2073,162,523
3397,14,0,29,-15,2772,2102,162,508
3398,14,0,12,2,2786,2114,162,510
3399,9,3,14,-8,2795,2128,165,502
3400,33,2,25,6,2828,2153,167,508
3401,19,1,21,-3,2847,2174,168,505
3402,8,1,16,-9,2855,2190,169,496
3403,20,2,19,-1,2875,2209,171,495
3404,15,0,25,-10,2890,2234,171,485
3405,11,0,31,-20,2901,2265,171,465
3406,9,1,19,-11,2910,2284,172,454
3407,13,0,26,-13,2923,2310,172,441
3408,16,1,9,6,2939,2319,173,447
3409,22,0,23,-1,2961,2342,173,446
3410,20,1,9,10,2981,2351,174,456
3411,9,0,13,-4,2990,2364,174,452
3412,19,3,20,-4,3009,2384,177,448
3413,20,2,11,7,3029,2395,179,455
3414,53,3,22,28,3082,2417,182,483
3415,19,0,12,7,3101,2429,182,490
3416,25,3,12,10,3126,2441,185,500
3417,11,2,15,-6,3137,2456,187,494
3418,24,0,20,4,3161,2476,187,498
3419,39,3,20,16,3200,2496,190,514
3420,18,2,39,-23,3218,2535,192,491
3421,28,0,11,17,3246,2546,192,508
3422,19,2,8,9,3265,2554,194,517
3423,17,1,4,12,3282,2558,195,529
3424,7,0,39,-32,3289,2597,195,497
3425,27,1,40,-14,3316,2637,196,483
3426,30,2,14,14,3346,2651,198,497
3427,26,2,7,17,3372,2658,200,514
3428,22,2,17,3,3394,2675,202,517
3429,26,1,10,15,3420,2685,203,532
3430,21,0,20,1,3441,2705,203,533
3431,23,0,33,-10,3464,2738,203,523
3432,7,0,18,-11,3471,2756,203,512
3433,14,0,13,1,3485,2769,203,513
3434,28,2,22,4,3513,2791,205,517
3435,7,1,7,-1,3520,2798,206,516
3436,19,0,7,12,3539,2805,206,528
3437,15,0,7,8,3554,2812,206,536
3438,8,0,72,-64,3562,2884,206,472
3439,26,2,51,-27,3588,2935,208,445
3440,25,0,15,10,3613,2950,208,455
3441,33,0,19,14,3646,2969,208,469
3442,27,1,24,2,3673,2993,209,471
3443,31,0,11,20,3704,3004,209,491
3444,28,2,6,20,3732,3010,211,511
3445,21,2,10,9,3753,3020,213,520
3446,32,1,14,17,3785,3034,214,537
3447,25,1,42,-18,3810,3076,215,519
3448,20,1,27,-8,3830,3103,216,511
3449,6,1,14,-9,3836,3117,217,502
3450,22,2,16,4,3858,3133,219,506
3451,26,0,22,4,3884,3155,219,510
3452,29,0,32,-3,3913,3187,219,507
3453,27,0,32,-5,3940,3219,219,502
3454,10,0,31,-21,3950,3250,219,481
3455,16,1,4,11,3966,3254,220,492
3456,6,1,3,2,3972,3257,221,494
3457,24,0,5,19,3996,3262,221,513
3458,2,1,9,-8,3998,3271,222,505
3459,18,0,23,-5,4016,3294,222,500
3460,26,2,59,-35,4042,3353,224,465
3461,54,1,78,-25,4096,3431,225,440
3462,21,2,27,-8,4117,3458,227,432
3463,32,0,17,15,4149,3475,227,447
3464,46,2,61,-17,4195,3536,229,430
3465,44,0,3,41,4239,3539,229,471
3466,11,0,0,11,4250,3539,229,482
3467,36,0,0,36,4286,3539,229,518
3468,28,0,0,28,4314,3539,229,546
3469,48,0,0,48,4362,3539,229,594
3470,27,0,0,27,4389,3539,229,621
3471,14,0,0,14,4403,3539,229,635
3472,0,0,0,0,4403,3539,229,635
3473,4,0,3,1,4407,3542,229,636
3474,21,1,10,10,4428,3552,230,646
3475,16,0,14,2,4444,3566,230,648
3476,39,4,22,13,4483,3588,234,661
3477,28,0,2,26,4511,3590,234,687
3478,10,0,30,-20,4521,3620,234,667
3479,15,1,3,11,4536,3623,235,678
3480,14,0,9,5,4550,3632,235,683
3481,10,2,32,-24,4560,3664,237,659
3482,17,0,21,-4,4577,3685,237,655
3483,38,1,13,24,4615,3698,238,679
3484,32,1,17,14,4647,3715,239,693
3485,24,1,8,15,4671,3723,240,708
3486,8,2,4,2,4679,3727,242,710
3487,18,1,36,-19,4697,3763,243,691
3488,22,1,49,-28,4719,3812,244,663
3489,12,1,50,-39,4731,3862,245,624
3490,33,2,103,-72,4764,3965,247,552
3491,27,0,66,-39,4791,4031,247,513
3492,14,1,32,-19,4805,4063,248,494
3493,25,2,14,9,4830,4077,250,503
3494,9,1,18,-10,4839,4095,251,493
3495,57,1,22,34,4896,4117,252,527
3496,20,0,19,1,4916,4136,252,528
3497,34,0,14,20,4950,4150,252,548
3498,37,1,28,8,4987,4178,253,556
3499,29,2,16,11,5016,4194,255,567
3500,47,0,4,43,5063,4198,255,610
3501,34,2,19,13,5097,4217,257,623
3502,33,0,10,23,5130,4227,257,646
3503,31,0,0,31,5161,4227,257,677
3504,19,0,0,19,5180,4227,257,696
3505,35,1,26,8,5215,4253,258,704
3506,23,0,10,13,5238,4263,258,717
3507,57,2,1,54,5295,4264,260,771
3508,39,0,36,3,5334,4300,260,774
3509,22,0,23,-1,5356,4323,260,773
3510,42,0,35,7,5398,4358,260,780
3511,24,0,5,19,5422,4363,260,799
3512,32,0,18,14,5454,4381,260,813
3513,16,0,25,-9,5470,4406,260,804
3514,53,0,5,48,5523,4411,260,852
3515,11,0,36,-25,5534,4447,260,827
3516,65,0,60,5,5599,4507,260,832
3517,65,0,48,17,5664,4555,260,849
3518,60,0,20,40,5724,4575,260,889
3519,59,2,39,18,5783,4614,262,907
3520,21,0,14,7,5804,4628,262,914
3521,43,0,13,30,5847,4641,262,944
3522,13,0,0,13,5860,4641,262,957
3523,42,1,12,29,5902,4653,263,986
3524,59,0,46,13,5961,4699,263,999
3525,37,0,102,-65,5998,4801,263,934
3526,70,0,88,-18,6068,4889,263,916
3527,68,0,98,-30,6136,4987,263,886
3528,43,0,72,-29,6179,5059,263,857
3529,58,0,1,57,6237,5060,263,914
3530,33,0,29,4,6270,5089,263,918
3531,83,0,28,55,6353,5117,263,973
3532,58,0,17,41,6411,5134,263,1014
3533,72,0,14,58,6483,5148,263,1072
3534,60,0,33,27,6543,5181,263,1099
3535,35,1,40,-6,6578,5221,264,1093
3536,65,2,23,40,6643,5244,266,1133
3537,64,0,45,19,6707,5289,266,1152
3538,90,3,97,-10,6797,5386,269,1142
3539,55,1,68,-14,6852,5454,270,1128
3540,88,1,33,54,6940,5487,271,1182
3541,83,0,28,55,7023,5515,271,1237
3542,57,0,25,32,7080,5540,271,1269
3543,50,0,33,17,7130,5573,271,1286
3544,107,0,50,57,7237,5623,271,1343
3545,100,0,22,78,7337,5645,271,1421
3546,83,3,37,43,7420,5682,274,1464
3547,58,1,46,11,7478,5728,275,1475
3548,96,4,42,50,7574,5770,279,1525
3549,48,1,57,-10,7622,5827,280,1515
3550,0,0,118,-118,7622,5945,280,1397
3551,6,4,11,-9,7628,5956,284,1388
3552,0,0,36,-36,7628,5992,284,1352
3553,1,2,1,-2,7629,5993,286,1350
3554,22,23,45,-46,7651,6038,309,1304
3555,0,0,12,-12,7651,6050,309,1292
3556,141,2,110,29,7792,6160,311,1321
3557,87,22,110,-45,7879,6270,333,1276
3558,90,1,53,36,7969,6323,334,1312
3559,63,0,12,51,8032,6335,334,1363
3560,36,1,78,-43,8068,6413,335,1320
3561,17,0,58,-41,8085,6471,335,1279
3562,13,1,75,-63,8098,6546,336,1216
3563,3,0,11,-8,8101,6557,336,1208
3564,57,0,12,45,8158,6569,336,1253
3565,61,0,18,43,8219,6587,336,1296
3566,38,0,16,22,8257,6603,336,1318
3567,58,0,11,47,8315,6614,336,1365
3568,39,0,18,21,8354,6632,336,1386
3569,50,0,6,44,8404,6638,336,1430
3570,75,0,3,72,8479,6641,336,1502
3571,33,1,60,-28,8512,6701,337,1474
3572,20,0,25,-5,8532,6726,337,1469
3573,44,1,107,-64,8576,6833,338,1405
3574,65,0,121,-56,8641,6954,338,1349
3575,32,0,28,4,8673,6982,338,1353
3576,67,3,70,-6,8740,7052,341,1347
3577,50,1,23,26,8790,7075,342,1373
3578,5,0,14,-9,8795,7089,342,1364
3579,9,0,18,-9,8804,7107,342,1355
3580,6,1,3,2,8810,7110,343,1357
3581,41,1,1,39,8851,7111,344,1396
3582,3,1,26,-24,8854,7137,345,1372
3583,16,0,1,15,8870,7138,345,1387
3584,2,1,1,0,8872,7139,346,1387
3585,11,0,5,6,8883,7144,346,1393
3586,25,0,99,-74,8908,7243,346,1319
3587,0,0,6,-6,8908,7249,346,1313
3588,1,1,0,0,8909,7249,347,1313
3589,20,0,12,8,8929,7261,347,1321
3590,69,0,0,69,8998,7261,347,1390
3591,42,1,10,31,9040,7271,348,1421
3592,1,0,0,1,9041,7271,348,1422
3593,34,0,1,33,9075,7272,348,1455
3594,67,0,28,39,9142,7300,348,1494
3595,28,0,16,12,9170,7316,348,1506
3596,41,2,2,37,9211,7318,350,1543
3597,33,0,8,25,9244,7326,350,1568
3598,64,1,50,13,9308,7376,351,1581
3599,15,0,2,13,9323,7378,351,1594
3600,38,0,5,33,9361,7383,351,1627
3601,41,0,13,28,9402,7396,351,1655
3602,17,0,1,16,9419,7397,351,1671
3603,35,3,6,26,9454,7403,354,1697
3604,6,0,0,6,9460,7403,354,1703
3605,32,2,12,18,9492,7415,356,1721
3606,60,4,75,-19,9552,7490,360,1702
3607,42,0,12,30,9594,7502,360,1732
3608,15,2,3,10,9609,7505,362,1742
3609,17,0,8,9,9626,7513,362,1751
3610,21,0,0,21,9647,7513,362,1772
3611,19,1,0,18,9666,7513,363,1790
3612,32,2,0,30,9698,7513,365,1820
3613,7,1,1,5,9705,7514,366,1825
3614,26,0,10,16,9731,7524,366,1841
3615,43,1,5,37,9774,7529,367,1878
3616,25,0,0,25,9799,7529,367,1903
3617,17,0,20,-3,9816,7549,367,1900
3618,19,0,3,16,9835,7552,367,1916
3619,32,0,0,32,9867,7552,367,1948
3620,5,1,52,-48,9872,7604,368,1900
3621,20,0,4,16,9892,7608,368,1916
3622,31,0,0,31,9923,7608,368,1947
3623,86,0,4,82,10009,7612,368,2029
3624,33,4,27,2,10042,7639,372,2031
3625,0,0,1,-1,10042,7640,372,2030
3626,52,0,6,46,10094,7646,372,2076
3627,18,0,0,18,10112,7646,372,2094
3628,42,0,18,24,10154,7664,372,2118
3629,16,1,0,15,10170,7664,373,2133
3630,1,0,10,-9,10171,7674,373,2124
3631,0,0,0,0,10171,7674,373,2124
3632,3,0,0,3,10174,7674,373,2127
3633,58,0,9,49,10232,7683,373,2176
3634,59,1,6,52,10291,7689,374,2228
3635,49,1,60,-12,10340,7749,375,2216
3636,36,9,58,-31,10376,7807,384,2185
3637,65,0,29,36,10441,7836,384,2221
3638,18,0,35,-17,10459,7871,384,2204
3639,29,1,6,22,10488,7877,385,2226
3640,129,2,28,99,10617,7905,387,2325
3641,30,6,24,0,10647,7929,393,2325
3642,26,12,0,14,10673,7929,405,2339
3643,19,0,16,3,10692,7945,405,2342
3644,28,1,9,18,10720,7954,406,2360
3645,23,0,1,22,10743,7955,406,2382
3646,2,0,2,0,10745,7957,406,2382
3647,29,2,2,25,10774,7959,408,2407
3648,15,2,12,1,10789,7971,410,2408
3649,21,0,0,21,10810,7971,410,2429
3650,5,0,0,5,10815,7971,410,2434
3651,12,0,9,3,10827,7980,410,2437
3652,5,0,0,5,10832,7980,410,2442
3653,18,0,3,15,10850,7983,410,2457
3654,12,0,0,12,10862,7983,410,2469
3655,50,1,50,-1,10912,8033,411,2468
3656,54,1,7,46,10966,8040,412,2514
3657,16,1,11,4,10982,8051,413,2518
3658,35,5,4,26,11017,8055,418,2544
3659,30,0,21,9,11047,8076,418,2553
3660,26,0,0,26,11073,8076,418,2579
3661,24,0,7,17,11097,8083,418,2596
3662,17,0,3,14,11114,8086,418,2610
3663,22,4,0,18,11136,8086,422,2628
3664,15,1,2,12,11151,8088,423,2640
3665,451,1,507,-57,11602,8595,424,2583
3666,40,1,10,29,11642,8605,425,2612
3667,76,10,101,-35,11718,8706,435,2577
3668,237,7,103,127,11955,8809,442,2704
3669,82,5,111,-34,12037,8920,447,2670
3670,124,6,170,-52,12161,9090,453,2618
3671,67,3,63,1,12228,9153,456,2619
3672,77,5,55,17,12305,9208,461,2636
3673,28,4,41,-17,12333,9249,465,2619
3674,20,4,2,14,12353,9251,469,2633
3675,60,5,111,-56,12413,9362,474,2577
3676,72,2,59,11,12485,9421,476,2588
3677,49,0,28,21,12534,9449,476,2609
3678,37,3,32,2,12571,9481,479,2611
3679,20,0,61,-41,12591,9542,479,2570
3680,20,1,25,-6,12611,9567,480,2564
3681,10,0,7,3,12621,9574,480,2567
3682,6,0,21,-15,12627,9595,480,2552
3683,43,1,200,-158,12670,9795,481,2394
3684,5,0,42,-37,12675,9837,481,2357
3685,17,0,364,-347,12692,10201,481,2010
3686,23,0,202,-179,12715,10403,481,1831
3687,39,0,19,20,12754,10422,481,1851
3688,15,1,75,-61,12769,10497,482,1790
3689,23,0,30,-7,12792,10527,482,1783
3690,11,0,43,-32,12803,10570,482,1751
3691,25,1,74,-50,12828,10644,483,1701
3692,9,0,32,-23,12837,10676,483,1678
3693,7,0,33,-26,12844,10709,483,1652
3694,6,12,59,-65,12850,10768,495,1587
3695,19,0,36,-17,12869,10804,495,1570
3696,41,0,125,-84,12910,10929,495,1486
3697,82,0,77,5,12992,11006,495,1491
3698,7,0,94,-87,12999,11100,495,1404
3699,139,0,49,90,13138,11149,495,1494
3700,25,0,87,-62,13163,11236,495,1432
3701,25,0,13,12,13188,11249,495,1444
3702,9,0,9,0,13197,11258,495,1444
3703,65,1,74,-10,13262,11332,496,1434
3704,122,1,79,42,13384,11411,497,1476
3705,52,0,11,41,13436,11422,497,1517
3706,22,1,21,0,13458,11443,498,1517
3707,8,0,3,5,13466,11446,498,1522
3708,214,0,74,140,13680,11520,498,1662
3709,503,1,53,449,14183,11573,499,2111
3710,217,2,289,-74,14400,11862,501,2037
3711,372,3,618,-249,14772,12480,504,1788
3712,236,10,110,116,15008,12590,514,1904
3713,370,6,110,254,15378,12700,520,2158
3714,241,4,200,37,15619,12900,524,2195
3715,379,8,218,153,15998,13118,532,2348
3716,333,2,210,121,16331,13328,534,2469
3717,228,2,321,-95,16559,13649,536,2374
3718,337,5,89,243,16896,13738,541,2617
3719,208,4,242,-38,17104,13980,545,2579
3720,379,5,300,74,17483,14280,550,2653
3721,295,0,226,69,17778,14506,550,2722
3722,114,0,328,-214,17892,14834,550,2508
3723,127,0,242,-115,18019,15076,550,2393
3724,136,2,362,-228,18155,15438,552,2165
3725,207,5,277,-75,18362,15715,557,2090
3726,287,4,285,-2,18649,16000,561,2088
3727,326,3,312,11,18975,16312,564,2099
3728,342,3,380,-41,19317,16692,567,2058
3729,383,2,263,118,19700,16955,569,2176
3730,260,3,283,-26,19960,17238,572,2150
3731,150,2,268,-120,20110,17506,574,2030
3732,247,4,358,-115,20357,17864,578,1915
3733,249,5,279,-35,20606,18143,583,1880
3734,216,0,268,-52,20822,18411,583,1828
3735,202,4,222,-24,21024,18633,587,1804
3736,272,5,337,-70,21296,18970,592,1734
3737,213,4,238,-29,21509,19208,596,1705
3738,278,3,274,1,21787,19482,599,1706
3739,226,4,290,-68,22013,19772,603,1638
3740,227,2,187,38,22240,19959,605,1676
3741,194,7,134,53,22434,20093,612,1729
3742,378,8,249,121,22812,20342,620,1850
3743,248,6,224,18,23060,20566,626,1868
3744,207,7,264,-64,23267,20830,633,1804
3745,249,5,308,-64,23516,21138,638,1740
3746,201,5,264,-68,23717,21402,643,1672
3747,137,7,266,-136,23854,21668,650,1536
3748,1,1,0,0,1,0,1,0
3749,0,0,0,0,1,0,1,0
3750,0,0,0,0,1,0,1,0
3751,0,0,0,0,1,0,1,0
3752,0,0,0,0,1,0,1,0
3753,0,0,0,0,1,0,1,0
3754,0,0,0,0,1,0,1,0
3755,0,0,0,0,1,0,1,0
3756,1,1,0,0,2,0,2,0
3757,0,0,0,0,2,0,2,0
3758,0,0,0,0,2,0,2,0
3759,0,0,0,0,2,0,2,0
3760,0,0,0,0,2,0,2,0
3761,0,0,0,0,2,0,2,0
3762,0,0,0,0,2,0,2,0
3763,0,0,0,0,2,0,2,0
3764,0,0,0,0,2,0,2,0
3765,0,0,0,0,2,0,2,0
3766,1,0,0,1,3,0,2,1
3767,9,0,0,9,12,0,2,10
3768,0,0,1,-1,12,1,2,9
3769,6,0,1,5,18,2,2,14
3770,0,0,0,0,18,2,2,14
3771,3,0,0,3,21,2,2,17
3772,5,0,0,5,26,2,2,22
3773,5,0,4,1,31,6,2,23
3774,7,0,0,7,38,6,2,30
3775,0,0,0,0,38,6,2,30
3776,6,0,0,6,44,6,2,36
3777,14,0,0,14,58,6,2,50
3778,12,0,1,11,70,7,2,61
3779,4,0,0,4,74,7,2,65
3780,2,0,0,2,76,7,2,67
3781,5,0,0,5,81,7,2,72
3782,6,0,0,6,87,7,2,78
3783,6,0,0,6,93,7,2,84
3784,15,0,2,13,108,9,2,97
3785,11,0,1,10,119,10,2,107
3786,7,0,1,6,126,11,2,113
3787,4,0,2,2,130,13,2,115
3788,5,0,4,1,135,17,2,116
3789,10,0,0,10,145,17,2,126
3790,2,1,5,-4,147,22,3,122
3791,15,0,7,8,162,29,3,130
3792,10,0,2,8,172,31,3,138
3793,6,0,9,-3,178,40,3,135
3794,3,0,0,3,181,40,3,138
3795,7,0,6,1,188,46,3,139
3796,22,0,6,16,210,52,3,155
3797,0,0,7,-7,210,59,3,148
3798,7,0,11,-4,217,70,3,144
3799,13,0,5,8,230,75,3,152
3800,2,0,1,1,232,76,3,153
3801,25,0,17,8,257,93,3,161
3802,9,0,10,-1,266,103,3,160
3803,6,0,0,6,272,103,3,166
3804,0,0,3,-3,272,106,3,163
3805,10,0,11,-1,282,117,3,162
3806,13,0,9,4,295,126,3,166
3807,6,0,0,6,301,126,3,172
3808,5,0,4,1,306,130,3,173
3809,3,0,5,-2,309,135,3,171
3810,14,0,2,12,323,137,3,183
3811,4,0,1,3,327,138,3,186
3812,5,0,3,2,332,141,3,188
3813,6,0,8,-2,338,149,3,186
3814,3,0,4,-1,341,153,3,185
3815,2,0,4,-2,343,157,3,183
3816,11,0,3,8,354,160,3,191
3817,4,0,7,-3,358,167,3,188
3818,8,0,7,1,366,174,3,189
3819,3,0,2,1,369,176,3,190
3820,6,0,2,4,375,178,3,194
3821,8,0,0,8,383,178,3,202
3822,6,0,4,2,389,182,3,204
3823,2,0,1,1,391,183,3,205
3824,12,0,1,11,403,184,3,216
3825,8,0,4,4,411,188,3,220
3826,5,0,7,-2,416,195,3,218
3827,23,0,4,19,439,199,3,237
3828,12,0,6,6,451,205,3,243
3829,10,0,0,10,461,205,3,253
3830,17,1,4,12,478,209,4,265
3831,5,0,1,4,483,210,4,269
3832,3,0,3,0,486,213,4,269
3833,20,0,8,12,506,221,4,281
3834,14,0,4,10,520,225,4,291
3835,33,0,1,32,553,226,4,323
3836,25,0,1,24,578,227,4,347
3837,12,0,3,9,590,230,4,356
3838,14,0,12,2,604,242,4,358
3839,32,0,1,31,636,243,4,389
3840,19,0,7,12,655,250,4,401
3841,36,0,9,27,691,259,4,428
3842,28,1,7,20,719,266,5,448
3843,18,0,8,10,737,274,5,458
3844,19,0,27,-8,756,301,5,450
3845,22,0,8,14,778,309,5,464
3846,47,0,20,27,825,329,5,491
3847,65,0,3,62,890,332,5,553
3848,81,0,11,70,971,343,5,623
3849,35,1,9,25,1006,352,6,648
3850,35,1,7,27,1041,359,7,675
3851,31,0,9,22,1072,368,7,697
3852,35,0,9,26,1107,377,7,723
3853,43,0,3,40,1150,380,7,763
3854,56,1,8,47,1206,388,8,810
3855,49,0,27,22,1255,415,8,832
3856,107,0,6,101,1362,421,8,933
3857,45,2,10,33,1407,431,10,966
3858,28,0,8,20,1435,439,10,986
3859,49,0,13,36,1484,452,10,1022
3860,32,1,17,14,1516,469,11,1036
3861,114,0,5,109,1630,474,11,1145
3862,66,0,9,57,1696,483,11,1202
3863,92,2,8,82,1788,491,13,1284
3864,52,2,12,38,1840,503,15,1322
3865,50,0,7,43,1890,510,15,1365
3866,39,0,18,21,1929,528,15,1386
3867,30,1,12,17,1959,540,16,1403
3868,53,0,39,14,2012,579,16,1417
3869,86,0,15,71,2098,594,16,1488
3870,35,0,47,-12,2133,641,16,1476
3871,45,0,12,33,2178,653,16,1509
3872,63,0,43,20,2241,696,16,1529
3873,101,0,25,76,2342,721,16,1605
3874,64,0,12,52,2406,733,16,1657
3875,112,0,26,86,2518,759,16,1743
3876,85,1,20,64,2603,779,17,1807
3877,71,0,14,57,2674,793,17,1864
3878,54,1,36,17,2728,829,18,1881
3879,36,1,17,18,2764,846,19,1899
3880,88,0,9,79,2852,855,19,1978
3881,77,0,34,43,2929,889,19,2021
3882,62,2,20,40,2991,909,21,2061
3883,62,0,15,47,3053,924,21,2108
3884,56,0,15,41,3109,939,21,2149
3885,43,0,13,30,3152,952,21,2179
3886,63,0,9,54,3215,961,21,2233
3887,30,0,11,19,3245,972,21,2252
3888,61,0,21,40,3306,993,21,2292
3889,50,0,18,32,3356,1011,21,2324
3890,47,0,10,37,3403,1021,21,2361
3891,41,0,8,33,3444,1029,21,2394
3892,40,0,6,34,3484,1035,21,2428
3893,41,0,4,37,3525,1039,21,2465
3894,49,0,12,37,3574,1051,21,2502
3895,39,0,3,36,3613,1054,21,2538
3896,27,0,17,10,3640,1071,21,2548
3897,38,0,9,29,3678,1080,21,2577
3898,38,0,9,29,3716,1089,21,2606
3899,59,0,2,57,3775,1091,21,2663
3900,38,0,9,29,3813,1100,21,2692
3901,45,0,12,33,3858,1112,21,2725
3902,30,0,1,29,3888,1113,21,2754
3903,35,0,13,22,3923,1126,21,2776
3904,53,0,4,49,3976,1130,21,2825
3905,44,0,4,40,4020,1134,21,2865
3906,41,0,15,26,4061,1149,21,2891
3907,45,0,12,33,4106,1161,21,2924
3908,48,0,9,39,4154,1170,21,2963
3909,62,0,8,54,4216,1178,21,3017
3910,72,0,7,65,4288,1185,21,3082
3911,76,0,6,70,4364,1191,21,3152
3912,78,0,6,72,4442,1197,21,3224
3913,67,0,11,56,4509,1208,21,3280
3914,63,0,8,55,4572,1216,21,3335
3915,74,0,12,62,4646,1228,21,3397
3916,76,0,9,67,4722,1237,21,3464
3917,82,0,19,63,4804,1256,21,3527
3918,93,0,6,87,4897,1262,21,3614
3919,88,1,13,74,4985,1275,22,3688
3920,89,1,1,87,5074,1276,23,3775
3921,129,2,10,117,5203,1286,25,3892
3922,160,0,18,142,5363,1304,25,4034
3923,169,2,14,153,5532,1318,27,4187
3924,174,1,19,154,5706,1337,28,4341
3925,196,1,7,188,5902,1344,29,4529
3926,165,3,12,150,6067,1356,32,4679
3927,141,2,5,134,6208,1361,34,4813
3928,173,3,17,153,6381,1378,37,4966
3929,164,2,4,158,6545,1382,39,5124
3930,173,1,12,160,6718,1394,40,5284
3931,111,2,11,98,6829,1405,42,5382
3932,143,0,8,135,6972,1413,42,5517
3933,135,0,11,124,7107,1424,42,5641
3934,113,3,10,100,7220,1434,45,5741
3935,86,2,8,76,7306,1442,47,5817
3936,68,1,12,55,7374,1454,48,5872
3937,49,0,6,43,7423,1460,48,5915
3938,63,2,25,36,7486,1485,50,5951
3939,50,2,12,36,7536,1497,52,5987
3940,85,0,13,72,7621,1510,52,6059
3941,121,3,7,111,7742,1517,55,6170
3942,139,0,9,130,7881,1526,55,6300
3943,108,1,24,83,7989,1550,56,6383
3944,132,1,23,108,8121,1573,57,6491
3945,119,13,14,92,8240,1587,70,6583
3946,144,3,13,128,8384,1600,73,6711
3947,63,1,8,54,8447,1608,74,6765
3948,80,1,12,67,8527,1620,75,6832
3949,107,4,25,78,8634,1645,79,6910
3950,106,1,19,86,8740,1664,80,6996
3951,133,2,22,109,8873,1686,82,7105
3952,141,1,24,116,9014,1710,83,7221
3953,130,2,17,111,9144,1727,85,7332
3954,105,0,20,85,9249,1747,85,7417
3955,111,0,25,86,9360,1772,85,7503
3956,83,1,10,72,9443,1782,86,7575
3957,99,1,21,77,9542,1803,87,7652
3958,105,5,7,93,9647,1810,92,7745
3959,107,0,21,86,9754,1831,92,7831
3960,138,0,7,131,9892,1838,92,7962
3961,131,1,20,110,10023,1858,93,8072
3962,107,1,14,92,10130,1872,94,8164
3963,93,2,25,66,10223,1897,96,8230
3964,76,2,19,55,10299,1916,98,8285
3965,109,2,14,93,10408,1930,100,8378
3966,100,0,31,69,10508,1961,100,8447
3967,92,0,42,50,10600,2003,100,8497
3968,92,1,20,71,10692,2023,101,8568
3969,74,0,13,61,10766,2036,101,8629
3970,110,2,30,78,10876,2066,103,8707
3971,75,1,26,48,10951,2092,104,8755
3972,87,0,13,74,11038,2105,104,8829
3973,83,2,26,55,11121,2131,106,8884
3974,78,2,17,59,11199,2148,108,8943
3975,76,2,22,52,11275,2170,110,8995
3976,109,0,18,91,11384,2188,110,9086
3977,67,0,13,54,11451,2201,110,9140
3978,65,2,19,44,11516,2220,112,9184
3979,72,269,8184,-8381,11588,10404,381,803
3980,59,2,57,0,11647,10461,383,803
3981,65,3,105,-43,11712,10566,386,760
3982,52,2,63,-13,11764,10629,388,747
3983,57,2,53,2,11821,10682,390,749
3984,25,1,82,-58,11846,10764,391,691
3985,60,1,77,-18,11906,10841,392,673
3986,73,0,86,-13,11979,10927,392,660
3987,60,3,102,-45,12039,11029,395,615
3988,74,2,73,-1,12113,11102,397,614
3989,68,0,46,22,12181,11148,397,636
3990,44,0,56,-12,12225,11204,397,624
3991,68,1,88,-21,12293,11292,398,603
3992,44,2,92,-50,12337,11384,400,553
3993,93,0,63,30,12430,11447,400,583
3994,89,1,51,37,12519,11498,401,620
3995,64,1,59,4,12583,11557,402,624
3996,48,0,50,-2,12631,11607,402,622
3997,60,0,49,11,12691,11656,402,633
3998,7,1,38,-32,12698,11694,403,601
3999,2,2,60,-60,12700,11754,405,541
4000,69,0,99,-30,12769,11853,405,511
4001,88,0,65,23,12857,11918,405,534
4002,61,2,70,-11,12918,11988,407,523
4003,94,0,70,24,13012,12058,407,547
4004,103,1,68,34,13115,12126,408,581
4005,68,3,76,-11,13183,12202,411,570
4006,111,2,93,16,13294,12295,413,586
4007,95,2,68,25,13389,12363,415,611
4008,111,4,59,48,13500,12422,419,659
4009,82,4,52,26,13582,12474,423,685
4010,99,1,90,8,13681,12564,424,693
4011,109,2,54,53,13790,12618,426,746
4012,89,4,134,-49,13879,12752,430,697
4013,109,2,42,65,13988,12794,432,762
4014,202,0,96,106,14190,12890,432,868
4015,230,6,103,121,14420,12993,438,989
4016,122,3,88,31,14542,13081,441,1020
4017,91,1,105,-15,14633,13186,442,1005
4018,110,2,78,30,14743,13264,444,1035
4019,102,1,356,-255,14845,13620,445,780
4020,86,1,85,0,14931,13705,446,780
4021,139,4,91,44,15070,13796,450,824
4022,112,4,105,3,15182,13901,454,827
4023,110,4,92,14,15292,13993,458,841
4024,69,0,91,-22,15361,14084,458,819
4025,72,2,70,0,15433,14154,460,819
4026,77,0,102,-25,15510,14256,460,794
4027,73,7,66,0,15583,14322,467,794
4028,145,1,150,-6,15728,14472,468,788
4029,132,2,81,49,15860,14553,470,837
4030,121,3,79,39,15981,14632,473,876
4031,96,0,60,36,16077,14692,473,912
4032,99,3,79,17,16176,14771,476,929
4033,135,1,161,-27,16311,14932,477,902
4034,117,1,134,-18,16428,15066,478,884
4035,122,4,126,-8,16550,15192,482,876
4036,123,3,109,11,16673,15301,485,887
4037,112,4,95,13,16785,15396,489,900
4038,96,5,102,-11,16881,15498,494,889
4039,66,3,112,-49,16947,15610,497,840
4040,138,4,123,11,17085,15733,501,851
4041,172,3,187,-18,17257,15920,504,833
4042,157,8,125,24,17414,16045,512,857
4043,179,4,99,76,17593,16144,516,933
4044,101,1,76,24,17694,16220,517,957
4045,165,5,125,35,17859,16345,522,992
4046,119,0,84,35,17978,16429,522,1027
4047,118,8,114,-4,18096,16543,530,1023
4048,167,1,126,40,18263,16669,531,1063
4049,191,11,170,10,18454,16839,542,1073
4050,189,5,147,37,18643,16986,547,1110
4051,231,3,105,123,18874,17091,550,1233
4052,189,4,100,85,19063,17191,554,1318
4053,169,2,137,30,19232,17328,556,1348
4054,253,4,135,114,19485,17463,560,1462
4055,350,10,159,181,19835,17622,570,1643
4056,268,3,97,168,20103,17719,573,1811
4057,297,1,265,31,20400,17984,574,1842
4058,311,6,197,108,20711,18181,580,1950
4059,319,1,124,194,21030,18305,581,2144
4060,262,2,150,110,21292,18455,583,2254
4061,238,8,210,20,21530,18665,591,2274
4062,247,5,248,-6,21777,18913,596,2268
4063,494,7,241,246,22271,19154,603,2514
4064,483,4,179,300,22754,19333,607,2814
4065,313,9,269,35,23067,19602,616,2849
4066,253,8,223,22,23320,19825,624,2871
4067,292,5,212,75,23612,20037,629,2946
4068,186,10,260,-84,23798,20297,639,2862
4069,542,7,254,281,24340,20551,646,3143
4070,540,3,240,297,24880,20791,649,3440
4071,366,7,237,122,25246,21028,656,3562
4072,415,7,349,59,25661,21377,663,3621
4073,253,5,222,26,25914,21599,668,3647
4074,238,8,228,2,26152,21827,676,3649
4075,253,6,331,-84,26405,22158,682,3565
4076,309,6,385,-82,26714,22543,688,3483
4077,261,5,202,54,26975,22745,693,3537
4078,216,9,448,-241,27191,23193,702,3296
4079,508,9,354,145,27699,23547,711,3441
4080,197,14,389,-206,27896,23936,725,3235
4081,381,5,217,159,28277,24153,730,3394
4082,260,11,471,-222,28537,24624,741,3172
4083,453,6,328,119,28990,24952,747,3291
4084,305,11,305,-11,29295,25257,758,3280
4085,371,13,377,-19,29666,25634,771,3261
4086,312,9,307,-4,29978,25941,780,3257
4087,156,14,201,-59,30134,26142,794,3198
4088,139,6,196,-63,30273,26338,800,3135
4089,274,9,279,-14,30547,26617,809,3121
4090,274,11,301,-38,30821,26918,820,3083
4091,374,11,232,131,31195,27150,831,3214
4092,306,12,416,-122,31501,27566,843,3092
4093,330,10,411,-91,31831,27977,853,3001
4094,202,5,417,-220,32033,28394,858,2781
4095,326,7,204,115,32359,28598,865,2896
4096,278,8,300,-30,32637,28898,873,2866
4097,288,10,354,-76,32925,29252,883,2790
4098,307,6,303,-2,33232,29555,889,2788
4099,263,9,307,-53,33495,29862,898,2735
4100,330,10,307,13,33825,30169,908,2748
4101,151,6,280,-135,33976,30449,914,2613
4102,239,5,157,77,34215,30606,919,2690
4103,165,5,224,-64,34380,30830,924,2626
4104,167,7,253,-93,34547,31083,931,2533
4105,198,10,227,-39,34745,31310,941,2494
4106,268,14,245,9,35013,31555,955,2503
4107,214,8,296,-90,35227,31851,963,2413
4108,153,5,215,-67,35380,32066,968,2346
4109,147,3,186,-42,35527,32252,971,2304
4110,200,5,308,-113,35727,32560,976,2191
4111,256,7,256,-7,35983,32816,983,2184
4112,254,6,220,28,36237,33036,989,2212
4113,156,6,141,9,36393,33177,995,2221
4114,197,12,216,-31,36590,33393,1007,2190
4115,158,4,145,9,36748,33538,1011,2199
4116,0,3,21,-24,36748,33559,1014,2175
4117,100,5,230,-135,36848,33789,1019,2040
4118,77,7,210,-140,36925,33999,1026,1900
4119,227,9,291,-73,37152,34290,1035,1827
4120,306,8,226,72,37458,34516,1043,1899
4121,207,7,328,-128,37665,34844,1050,1771
4122,130,7,279,-156,37795,35123,1057,1615
4123,186,2,124,60,37981,35247,1059,1675
4124,174,7,225,-58,38155,35472,1066,1617
4125,182,10,116,56,38337,35588,1076,1673
4126,189,10,158,21,38526,35746,1086,1694
4127,201,5,140,56,38727,35886,1091,1750
4128,178,6,170,2,38905,36056,1097,1752
4129,145,8,135,2,39050,36191,1105,1754
4130,121,5,126,-10,39171,36317,1110,1744
4131,144,8,232,-96,39315,36549,1118,1648
4132,169,11,172,-14,39484,36721,1129,1634
4133,200,4,203,-7,39684,36924,1133,1627
4134,172,12,195,-35,39856,37119,1145,1592
4135,169,3,128,38,40025,37247,1148,1630
4136,141,6,221,-86,40166,37468,1154,1544
4137,255,5,257,-7,40421,37725,1159,1537
4138,187,6,152,29,40608,37877,1165,1566
4139,236,8,214,14,40844,38091,1173,1580
4140,210,9,153,48,41054,38244,1182,1628
4141,205,9,208,-12,41259,38452,1191,1616
4142,207,8,158,41,41466,38610,1199,1657
4143,153,4,135,14,41619,38745,1203,1671
4144,115,0,108,7,41734,38853,1203,1678
4145,169,9,177,-17,41903,39030,1212,1661
4146,150,6,120,24,42053,39150,1218,1685
4147,121,2,66,53,42174,39216,1220,1738
4148,202,5,143,54,42376,39359,1225,1792
4149,211,4,294,-87,42587,39653,1229,1705
4150,169,11,180,-22,42756,39833,1240,1683
4151,172,8,212,-48,42928,40045,1248,1635
4152,154,10,231,-87,43082,40276,1258,1548
4153,207,10,231,-34,43289,40507,1268,1514
4154,196,9,153,34,43485,40660,1277,1548
4155,168,8,232,-72,43653,40892,1285,1476
4156,138,8,124,6,43791,41016,1293,1482
4157,124,1,76,47,43915,41092,1294,1529
4158,66,5,87,-26,43981,41179,1299,1503
4159,105,8,182,-85,44086,41361,1307,1418
4160,150,8,113,29,44236,41474,1315,1447
4161,166,10,139,17,44402,41613,1325,1464
4162,132,5,207,-80,44534,41820,1330,1384
4163,137,6,147,-16,44671,41967,1336,1368
4164,142,10,165,-33,44813,42132,1346,1335
4165,86,5,61,20,44899,42193,1351,1355
4166,105,9,131,-35,45004,42324,1360,1320
4167,150,9,123,18,45154,42447,1369,1338
4168,128,9,126,-7,45282,42573,1378,1331
4169,146,11,156,-21,45428,42729,1389,1310
4170,114,5,150,-41,45542,42879,1394,1269
4171,113,8,130,-25,45655,43009,1402,1244
4172,103,5,103,-5,45758,43112,1407,1239
4173,74,9,134,-69,45832,43246,1416,1170
4174,101,9,90,2,45933,43336,1425,1172
4175,97,6,120,-29,46030,43456,1431,1143
4176,94,4,88,2,46124,43544,1435,1145
4177,47,4,98,-55,46171,43642,1439,1090
4178,45,3,121,-79,46216,43763,1442,1011
4179,74,4,52,18,46290,43815,1446,1029
4180,74,5,135,-66,46364,43950,1451,963
4181,79,4,114,-39,46443,44064,1455,924
4182,112,8,125,-21,46555,44189,1463,903
4183,83,4,94,-15,46638,44283,1467,888
4184,100,1,185,-86,46738,44468,1468,802
4185,50,5,83,-38,46788,44551,1473,764
4186,68,2,48,18,46856,44599,1475,782
4187,62,1,70,-9,46918,44669,1476,773
4188,55,5,83,-33,46973,44752,1481,740
4189,59,5,41,13,47032,44793,1486,753
4190,31,5,74,-48,47063,44867,1491,705
4191,61,6,69,-14,47124,44936,1497,691
4192,49,2,72,-25,47173,45008,1499,666
4193,42,2,42,-2,47215,45050,1501,664
4194,44,3,94,-53,47259,45144,1504,611
4195,28,0,32,-4,47287,45176,1504,607
4196,33,1,72,-40,47320,45248,1505,567
4197,46,0,70,-24,47366,45318,1505,543
4198,51,3,75,-27,47417,45393,1508,516
4199,28,0,44,-16,47445,45437,1508,500
4200,27,1,53,-27,47472,45490,1509,473
4201,36,0,45,-9,47508,45535,1509,464
4202,36,5,40,-9,47544,45575,1514,455
4203,37,0,55,-18,47581,45630,1514,437
4204,61,1,58,2,47642,45688,1515,439
4205,46,2,60,-16,47688,45748,1517,423
4206,22,3,35,-16,47710,45783,1520,407
4207,44,3,42,-1,47754,45825,1523,406
4208,48,2,58,-12,47802,45883,1525,394
4209,55,2,30,23,47857,45913,1527,417
4210,67,0,24,43,47924,45937,1527,460
4211,65,1,39,25,47989,45976,1528,485
4212,95,3,52,40,48084,46028,1531,525
4213,155,2,40,113,48239,46068,1533,638
4214,106,2,37,67,48345,46105,1535,705
4215,90,1,50,39,48435,46155,1536,744
4216,127,3,2,122,48562,46157,1539,866
4217,189,4,23,162,48751,46180,1543,1028
4218,181,2,70,109,48932,46250,1545,1137
4219,195,2,65,128,49127,46315,1547,1265
4220,246,3,86,157,49373,46401,1550,1422
4221,174,4,72,98,49547,46473,1554,1520
4222,212,5,151,56,49759,46624,1559,1576
4223,238,1,101,136,49997,46725,1560,1712
4224,221,0,112,109,50218,46837,1560,1821
4225,311,9,116,186,50529,46953,1569,2007
4226,343,8,175,160,50872,47128,1577,2167
4227,272,4,173,95,51144,47301,1581,2262
4228,355,4,131,220,51499,47432,1585,2482
4229,401,7,207,187,51900,47639,1592,2669
4230,424,5,268,151,52324,47907,1597,2820
4231,504,8,209,287,52828,48116,1605,3107
4232,577,7,265,305,53405,48381,1612,3412
4233,674,6,287,381,54079,48668,1618,3793
4234,678,7,236,435,54757,48904,1625,4228
4235,561,9,293,259,55318,49197,1634,4487
4236,656,14,315,327,55974,49512,1648,4814
4237,723,21,358,344,56697,49870,1669,5158
4238,791,21,314,456,57488,50184,1690,5614
4239,843,14,418,411,58331,50602,1704,6025
4240,885,21,475,389,59216,51077,1725,6414
4241,1019,23,529,467,60235,51606,1748,6881
4242,944,21,465,458,61179,52071,1769,7339
4243,837,25,617,195,62016,52688,1794,7534
4244,880,23,533,324,62896,53221,1817,7858
4245,1111,23,658,430,64007,53879,1840,8288
4246,1250,33,652,565,65257,54531,1873,8853
4247,1407,32,685,690,66664,55216,1905,9543
4248,1057,25,696,336,67721,55912,1930,9879
4249,990,27,696,267,68711,56608,1957,10146
4250,1078,26,802,250,69789,57410,1983,10396
4251,1314,33,829,452,71103,58239,2016,10848
4252,1452,44,954,454,72555,59193,2060,11302
4253,1119,20,614,485,73674,59807,2080,11787
4254,1365,37,810,518,75039,60617,2117,12305
4255,1280,34,908,338,76319,61525,2151,12643
4256,1146,33,839,274,77465,62364,2184,12917
4257,1044,47,766,231,78509,63130,2231,13148
4258,1408,38,937,433,79917,64067,2269,13581
4259,1362,37,1075,250,81279,65142,2306,13831
4260,1470,25,1235,210,82749,66377,2331,14041
4261,1239,46,1510,-317,83988,67887,2377,13724
4262,1027,39,1254,-266,85015,69141,2416,13458
4263,1184,25,1279,-120,86199,70420,2441,13338
4264,1018,40,1123,-145,87217,71543,2481,13193
4265,1411,36,1576,-201,88628,73119,2517,12992
4266,1270,27,1142,101,89898,74261,2544,13093
4267,1353,35,1557,-239,91251,75818,2579,12854
4268,1910,51,2124,-265,93161,77942,2630,12589
4269,1795,36,1642,117,94956,79584,2666,12706
4270,1071,43,2046,-1018,96027,81630,2709,11688
4271,888,48,961,-121,96915,82591,2757,11567
4272,988,48,1037,-97,97903,83628,2805,11470
4273,734,66,1154,-486,98637,84782,2871,10984
4274,2,0,0,2,2,0,0,2
4275,0,0,0,0,2,0,0,2
4276,0,0,0,0,2,0,0,2
4277,0,0,0,0,2,0,0,2
4278,4,0,0,4,6,0,0,6
4279,0,0,0,0,6,0,0,6
4280,0,0,0,0,6,0,0,6
4281,2,0,0,2,8,0,0,8
4282,0,0,0,0,8,0,0,8
4283,1,0,1,0,9,1,0,8
4284,0,0,1,-1,9,2,0,7
4285,0,0,1,-1,9,3,0,6
4286,6,1,0,5,15,3,1,11
4287,2,0,1,1,17,4,1,12
4288,8,0,0,8,25,4,1,20
4289,0,1,0,-1,25,4,2,19
4290,0,1,0,-1,25,4,3,18
4291,11,0,0,11,36,4,3,29
4292,0,0,0,0,36,4,3,29
4293,0,1,1,-2,36,5,4,27
4294,24,0,2,22,60,7,4,49
4295,1,0,2,-1,61,9,4,48
4296,6,0,0,6,67,9,4,54
4297,0,0,0,0,67,9,4,54
4298,7,0,0,7,74,9,4,61
4299,6,2,5,-1,80,14,6,60
4300,9,0,0,9,89,14,6,69
4301,6,0,0,6,95,14,6,75
4302,12,0,0,12,107,14,6,87
4303,0,0,14,-14,107,28,6,73
4304,11,0,4,7,118,32,6,80
4305,5,0,0,5,123,32,6,85
4306,7,0,0,7,130,32,6,92
4307,6,0,0,6,136,32,6,98
4308,0,0,0,0,136,32,6,98
4309,5,0,0,5,141,32,6,103
4310,10,0,0,10,151,32,6,113
4311,26,0,16,10,177,48,6,123
4312,12,0,0,12,189,48,6,135
4313,16,0,0,16,205,48,6,151
4314,5,0,1,4,210,49,6,155
4315,29,0,0,29,239,49,6,184
4316,0,0,0,0,239,49,6,184
4317,0,0,0,0,239,49,6,184
4318,6,0,0,6,245,49,6,190
4319,1,0,0,1,246,49,6,191
4320,4,0,0,4,250,49,6,195
4321,13,0,0,13,263,49,6,208
4322,12,0,0,12,275,49,6,220
4323,30,0,0,30,305,49,6,250
4324,0,0,0,0,305,49,6,250
4325,16,0,0,16,321,49,6,266
4326,5,0,0,5,326,49,6,271
4327,4,0,0,4,330,49,6,275
4328,3,0,0,3,333,49,6,278
4329,15,0,0,15,348,49,6,293
4330,33,0,0,33,381,49,6,326
4331,0,0,0,0,381,49,6,326
4332,6,0,0,6,387,49,6,332
4333,20,0,0,20,407,49,6,352
4334,1,0,0,1,408,49,6,353
4335,27,0,0,27,435,49,6,380
4336,56,0,0,56,491,49,6,436
4337,62,0,0,62,553,49,6,498
4338,9,0,20,-11,562,69,6,487
4339,0,0,0,0,562,69,6,487
4340,14,0,0,14,576,69,6,501
4341,4,0,0,4,580,69,6,505
4342,56,0,0,56,636,69,6,561
4343,18,0,0,18,654,69,6,579
4344,17,0,0,17,671,69,6,596
4345,41,0,0,41,712,69,6,637
4346,99,1,10,88,811,79,7,725
4347,46,0,0,46,857,79,7,771
4348,17,0,0,17,874,79,7,788
4349,42,0,0,42,916,79,7,830
4350,86,0,0,86,1002,79,7,916
4351,54,0,0,54,1056,79,7,970
4352,22,0,0,22,1078,79,7,992
4353,16,0,0,16,1094,79,7,1008
4354,28,0,0,28,1122,79,7,1036
4355,19,0,0,19,1141,79,7,1055
4356,31,0,0,31,1172,79,7,1086
4357,42,0,0,42,1214,79,7,1128
4358,12,0,50,-38,1226,129,7,1090
4359,0,0,63,-63,1226,192,7,1027
4360,29,0,103,-74,1255,295,7,953
4361,29,0,3,26,1284,298,7,979
4362,38,0,0,38,1322,298,7,1017
4363,18,0,0,18,1340,298,7,1035
4364,12,0,0,12,1352,298,7,1047
4365,49,0,0,49,1401,298,7,1096
4366,11,0,0,11,1412,298,7,1107
4367,49,0,0,49,1461,298,7,1156
4368,55,0,0,55,1516,298,7,1211
4369,56,0,0,56,1572,298,7,1267
4370,17,0,0,17,1589,298,7,1284
4371,35,0,0,35,1624,298,7,1319
4372,25,0,337,-312,1649,635,7,1007
4373,2,0,105,-103,1651,740,7,904
4374,62,8,119,-65,1713,859,15,839
4375,94,0,14,80,1807,873,15,919
4376,70,1,0,69,1877,873,16,988
4377,23,0,10,13,1900,883,16,1001
4378,38,0,0,38,1938,883,16,1039
4379,36,0,0,36,1974,883,16,1075
4380,7,2,48,-43,1981,931,18,1032
4381,30,1,35,-6,2011,966,19,1026
4382,18,1,23,-6,2029,989,20,1020
4383,28,0,57,-29,2057,1046,20,991
4384,85,0,16,69,2142,1062,20,1060
4385,28,0,19,9,2170,1081,20,1069
4386,67,2,7,58,2237,1088,22,1127
4387,101,0,9,92,2338,1097,22,1219
4388,1,0,2,-1,2339,1099,22,1218
4389,68,3,59,6,2407,1158,25,1224
4390,55,1,9,45,2462,1167,26,1269
4391,21,0,35,-14,2483,1202,26,1255
4392,58,0,11,47,2541,1213,26,1302
4393,50,1,13,36,2591,1226,27,1338
4394,41,0,10,31,2632,1236,27,1369
4395,9,3,7,-1,2641,1243,30,1368
4396,32,0,13,19,2673,1256,30,1387
4397,46,0,4,42,2719,1260,30,1429
4398,68,0,2,66,2787,1262,30,1495
4399,42,2,52,-12,2829,1314,32,1483
4400,57,0,8,49,2886,1322,32,1532
4401,56,0,16,40,2942,1338,32,1572
4402,19,0,9,10,2961,1347,32,1582
4403,27,0,17,10,2988,1364,32,1592
4404,33,0,14,19,3021,1378,32,1611
4405,38,0,0,38,3059,1378,32,1649
4406,28,0,0,28,3087,1378,32,1677
4407,27,1,22,4,3114,1400,33,1681
4408,0,0,0,0,3114,1400,33,1681
4409,50,0,47,3,3164,1447,33,1684
4410,11,0,27,-16,3175,1474,33,1668
4411,17,1,49,-33,3192,1523,34,1635
4412,22,0,223,-201,3214,1746,34,1434
4413,0,1,0,-1,3214,1746,35,1433
4414,43,0,106,-63,3257,1852,35,1370
4415,21,0,30,-9,3278,1882,35,1361
4416,1,0,56,-55,3279,1938,35,1306
4417,26,0,15,11,3305,1953,35,1317
4418,31,0,9,22,3336,1962,35,1339
4419,9,0,3,6,3345,1965,35,1345
4420,0,0,36,-36,3345,2001,35,1309
4421,77,1,20,56,3422,2021,36,1365
4422,10,0,4,6,3432,2025,36,1371
4423,0,0,0,0,3432,2025,36,1371
4424,21,2,6,13,3453,2031,38,1384
4425,67,4,65,-2,3520,2096,42,1382
4426,14,0,150,-136,3534,2246,42,1246
4427,33,0,36,-3,3567,2282,42,1243
4428,0,0,0,0,3567,2282,42,1243
4429,83,0,409,-326,3650,2691,42,917
4430,0,0,0,0,3650,2691,42,917
4431,36,0,340,-304,3686,3031,42,613
4432,23,0,12,11,3709,3043,42,624
4433,26,0,53,-27,3735,3096,42,597
4434,36,0,20,16,3771,3116,42,613
4435,25,1,5,19,3796,3121,43,632
4436,0,0,0,0,3796,3121,43,632
4437,66,1,25,40,3862,3146,44,672
4438,11,0,21,-10,3873,3167,44,662
4439,28,1,0,27,3901,3167,45,689
4440,72,1,18,53,3973,3185,46,742
4441,101,2,69,30,4074,3254,48,772
4442,0,0,0,0,4074,3254,48,772
4443,74,2,38,34,4148,3292,50,806
4444,14,0,24,-10,4162,3316,50,796
4445,0,0,0,0,4162,3316,50,796
4446,113,2,21,90,4275,3337,52,886
4447,54,2,26,26,4329,3363,54,912
4448,62,0,27,35,4391,3390,54,947
4449,84,3,18,63,4475,3408,57,1010
4450,96,0,0,96,4571,3408,57,1106
4451,65,2,20,43,4636,3428,59,1149
4452,126,2,11,113,4762,3439,61,1262
4453,73,3,16,54,4835,3455,64,1316
4454,58,5,67,-14,4893,3522,69,1302
4455,203,3,43,157,5096,3565,72,1459
4456,50,0,0,50,5146,3565,72,1509
4457,29,0,0,29,5175,3565,72,1538
4458,73,2,13,58,5248,3578,74,1596
4459,139,4,50,85,5387,3628,78,1681
4460,266,2,68,196,5653,3696,80,1877
4461,110,0,0,110,5763,3696,80,1987
4462,77,0,55,22,5840,3751,80,2009
4463,113,1,0,112,5953,3751,81,2121
4464,46,0,0,46,5999,3751,81,2167
4465,0,0,0,0,5999,3751,81,2167
4466,322,6,92,224,6321,3843,87,2391
4467,61,5,32,24,6382,3875,92,2415
4468,122,3,60,59,6504,3935,95,2474
4469,186,5,47,134,6690,3982,100,2608
4470,91,4,31,56,6781,4013,104,2664
4471,100,0,0,100,6881,4013,104,2764
4472,192,3,55,134,7073,4068,107,2898
4473,141,0,51,90,7214,4119,107,2988
4474,98,1,47,50,7312,4166,108,3038
4475,116,0,0,116,7428,4166,108,3154
4476,44,3,51,-10,7472,4217,111,3144
4477,150,0,0,150,7622,4217,111,3294
4478,0,0,0,0,7622,4217,111,3294
4479,142,1,114,27,7764,4331,112,3321
4480,224,1,46,177,7988,4377,113,3498
4481,111,1,58,52,8099,4435,114,3550
4482,0,0,0,0,8099,4435,114,3550
4483,69,4,18,47,8168,4453,118,3597
4484,71,0,0,71,8239,4453,118,3668
4485,0,1,0,-1,8239,4453,119,3667
4486,129,3,95,31,8368,4548,122,3698
4487,0,0,0,0,8368,4548,122,3698
4488,95,0,0,95,8463,4548,122,3793
4489,49,1,0,48,8512,4548,123,3841
4490,57,0,0,57,8569,4548,123,3898
4491,49,0,0,49,8618,4548,123,3947
4492,167,5,66,96,8785,4614,128,4043
4493,0,0,0,0,8785,4614,128,4043
4494,125,5,39,81,8910,4653,133,4124
4495,20,0,0,20,8930,4653,133,4144
4496,62,0,0,62,8992,4653,133,4206
4497,45,0,0,45,9037,4653,133,4251
4498,0,0,0,0,9037,4653,133,4251
4499,0,0,0,0,9037,4653,133,4251
4500,45,0,22,23,9082,4675,133,4274
4501,0,0,0,0,9082,4675,133,4274
4502,193,4,165,24,9275,4840,137,4298
4503,0,1,0,-1,9275,4840,138,4297
4504,0,0,0,0,9275,4840,138,4297
4505,33,3,50,-20,9308,4890,141,4277
4506,0,0,0,0,9308,4890,141,4277
4507,0,0,0,0,9308,4890,141,4277
4508,0,0,0,0,9308,4890,141,4277
4509,100,1,35,64,9408,4925,142,4341
4510,147,0,0,147,9555,4925,142,4488
4511,177,1,27,149,9732,4952,143,4637
4512,0,0,0,0,9732,4952,143,4637
4513,17,0,77,-60,9749,5029,143,4577
4514,6,0,0,6,9755,5029,143,4583
4515,4,0,0,4,9759,5029,143,4587
4516,0,0,0,0,9759,5029,143,4587
4517,0,0,0,0,9759,5029,143,4587
4518,0,0,0,0,9759,5029,143,4587
4519,0,0,0,0,9759,5029,143,4587
4520,0,0,0,0,9759,5029,143,4587
4521,100,0,0,100,9859,5029,143,4687
4522,39,0,0,39,9898,5029,143,4726
4523,36,0,0,36,9934,5029,143,4762
4524,39,0,0,39,9973,5029,143,4801
4525,28,0,100,-72,10001,5129,143,4729
4526,8,0,100,-92,10009,5229,143,4637
4527,5,1,100,-96,10014,5329,144,4541
4528,80,3,0,77,10094,5329,147,4618
4529,30,0,20,10,10124,5349,147,4628
4530,1748,1,102,1645,11872,5451,148,6273
4531,122,0,224,-102,11994,5675,148,6171
4532,52,0,0,52,12046,5675,148,6223
4533,19,0,0,19,12065,5675,148,6242
4534,48,0,25,23,12113,5700,148,6265
4535,123,0,0,123,12236,5700,148,6388
4536,59,0,3,56,12295,5703,148,6444
4537,37,1,46,-10,12332,5749,149,6434
4538,64,0,44,20,12396,5793,149,6454
4539,52,0,39,13,12448,5832,149,6467
4540,17,0,0,17,12465,5832,149,6484
4541,31,0,0,31,12496,5832,149,6515
4542,110,0,7,103,12606,5839,149,6618
4543,43,0,0,43,12649,5839,149,6661
4544,26,4,39,-17,12675,5878,153,6644
4545,28,0,8,20,12703,5886,153,6664
4546,32,0,0,32,12735,5886,153,6696
4547,17,0,1,16,12752,5887,153,6712
4548,32,0,100,-68,12784,5987,153,6644
4549,33,0,17,16,12817,6004,153,6660
4550,28,0,43,-15,12845,6047,153,6645
4551,41,0,0,41,12886,6047,153,6686
4552,22,0,300,-278,12908,6347,153,6408
4553,51,0,200,-149,12959,6547,153,6259
4554,92,0,200,-108,13051,6747,153,6151
4555,26,0,0,26,13077,6747,153,6177
4556,46,0,58,-12,13123,6805,153,6165
4557,31,0,150,-119,13154,6955,153,6046
4558,55,1,100,-46,13209,7055,154,6000
4559,11,1,123,-113,13220,7178,155,5887
4560,23,0,108,-85,13243,7286,155,5802
4561,27,1,211,-185,13270,7497,156,5617
4562,36,1,124,-89,13306,7621,157,5528
4563,67,0,102,-35,13373,7723,157,5493
4564,58,0,119,-61,13431,7842,157,5432
4565,47,1,105,-59,13478,7947,158,5373
4566,70,2,116,-48,13548,8063,160,5325
4567,75,1,13,61,13623,8076,161,5386
4568,32,1,8,23,13655,8084,162,5409
4569,63,0,13,50,13718,8097,162,5459
4570,42,0,12,30,13760,8109,162,5489
4571,61,2,12,47,13821,8121,164,5536
4572,50,1,8,41,13871,8129,165,5577
4573,99,0,9,90,13970,8138,165,5667
4574,98,0,8,90,14068,8146,165,5757
4575,32,0,0,32,14100,8146,165,5789
4576,31,1,8,22,14131,8154,166,5811
4577,109,0,9,100,14240,8163,166,5911
4578,60,0,6,54,14300,8169,166,5965
4579,90,0,18,72,14390,8187,166,6037
4580,185,0,16,169,14575,8203,166,6206
4581,69,3,101,-35,14644,8304,169,6171
4582,64,0,10,54,14708,8314,169,6225
4583,18,0,27,-9,14726,8341,169,6216
4584,136,0,21,115,14862,8362,169,6331
4585,70,1,19,50,14932,8381,170,6381
4586,0,2,114,-116,14932,8495,172,6265
4587,212,2,16,194,15144,8511,174,6459
4588,64,1,12,51,15208,8523,175,6510
4589,22,0,16,6,15230,8539,175,6516
4590,11,0,16,-5,15241,8555,175,6511
4591,77,0,17,60,15318,8572,175,6571
4592,69,0,51,18,15387,8623,175,6589
4593,145,0,23,122,15532,8646,175,6711
4594,63,0,19,44,15595,8665,175,6755
4595,67,0,14,53,15662,8679,175,6808
4596,57,0,10,47,15719,8689,175,6855
4597,52,0,18,34,15771,8707,175,6889
4598,63,0,19,44,15834,8726,175,6933
4599,101,2,10,89,15935,8736,177,7022
4600,41,0,16,25,15976,8752,177,7047
4601,67,1,17,49,16043,8769,178,7096
4602,55,0,7,48,16098,8776,178,7144
4603,15,0,13,2,16113,8789,178,7146
4604,17,0,12,5,16130,8801,178,7151
4605,2,0,13,-11,16132,8814,178,7140
4606,8,0,225,-217,16140,9039,178,6923
4607,33,0,8,25,16173,9047,178,6948
4608,143,0,34,109,16316,9081,178,7057
4609,118,1,12,105,16434,9093,179,7162
4610,40,3,12,25,16474,9105,182,7187
4611,92,0,1,91,16566,9106,182,7278
4612,76,0,17,59,16642,9123,182,7337
4613,41,0,19,22,16683,9142,182,7359
4614,51,0,22,29,16734,9164,182,7388
4615,160,0,37,123,16894,9201,182,7511
4616,93,0,31,62,16987,9232,182,7573
4617,55,0,49,6,17042,9281,182,7579
4618,41,2,41,-2,17083,9322,184,7577
4619,82,1,49,32,17165,9371,185,7609
4620,116,0,36,80,17281,9407,185,7689
4621,163,0,48,115,17444,9455,185,7804
4622,63,0,33,30,17507,9488,185,7834
4623,53,1,27,25,17560,9515,186,7859
4624,5,2,39,-36,17565,9554,188,7823
4625,89,0,41,48,17654,9595,188,7871
4626,360,1,29,330,18014,9624,189,8201
4627,181,1,32,148,18195,9656,190,8349
4628,153,14,428,-289,18348,10084,204,8060
4629,55,0,30,25,18403,10114,204,8085
4630,47,0,37,10,18450,10151,204,8095
4631,32,0,38,-6,18482,10189,204,8089
4632,45,0,30,15,18527,10219,204,8104
4633,70,0,21,49,18597,10240,204,8153
4634,65,0,2,63,18662,10242,204,8216
4635,126,0,30,96,18788,10272,204,8312
4636,110,1,19,90,18898,10291,205,8402
4637,40,0,0,40,18938,10291,205,8442
4638,5,2,35,-32,18943,10326,207,8410
4639,20,0,0,20,18963,10326,207,8430
4640,59,0,21,38,19022,10347,207,8468
4641,66,0,12,54,19088,10359,207,8522
4642,116,0,40,76,19204,10399,207,8598
4643,89,0,5,84,19293,10404,207,8682
4644,121,0,0,121,19414,10404,207,8803
4645,15,0,15,0,19429,10419,207,8803
4646,50,1,11,38,19479,10430,208,8841
4647,52,1,35,16,19531,10465,209,8857
4648,58,0,0,58,19589,10465,209,8915
4649,13,1,25,-13,19602,10490,210,8902
4650,52,0,51,1,19654,10541,210,8903
4651,21,0,32,-11,19675,10573,210,8892
4652,17,0,18,-1,19692,10591,210,8891
4653,6,1,46,-41,19698,10637,211,8850
4654,30,0,3,27,19728,10640,211,8877
4655,60,0,20,40,19788,10660,211,8917
4656,75,2,30,43,19863,10690,213,8960
4657,66,0,37,29,19929,10727,213,8989
4658,73,0,0,73,20002,10727,213,9062
4659,20,1,39,-20,20022,10766,214,9042
4660,30,0,67,-37,20052,10833,214,9005
4661,12,0,1,11,20064,10834,214,9016
4662,0,0,37,-37,20064,10871,214,8979
4663,63,0,30,33,20127,10901,214,9012
4664,44,0,41,3,20171,10942,214,9015
4665,13,0,34,-21,20184,10976,214,8994
4666,6,0,48,-42,20190,11024,214,8952
4667,29,0,50,-21,20219,11074,214,8931
4668,15,0,25,-10,20234,11099,214,8921
4669,24,0,0,24,20258,11099,214,8945
4670,13,0,47,-34,20271,11146,214,8911
4671,8,0,3,5,20279,11149,214,8916
4672,5,0,15,-10,20284,11164,214,8906
4673,8,0,24,-16,20292,11188,214,8890
4674,2,0,18,-16,20294,11206,214,8874
4675,14,0,16,-2,20308,11222,214,8872
4676,12,0,25,-13,20320,11247,214,8859
4677,18,0,39,-21,20338,11286,214,8838
4678,27,0,31,-4,20365,11317,214,8834
4679,0,0,10,-10,20365,11327,214,8824
4680,0,0,14,-14,20365,11341,214,8810
4681,0,0,16,-16,20365,11357,214,8794
4682,3,0,5,-2,20368,11362,214,8792
4683,18,0,18,0,20386,11380,214,8792
4684,22,0,22,0,20408,11402,214,8792
4685,2,0,0,2,20410,11402,214,8794
4686,1,0,4,-3,20411,11406,214,8791
4687,17,0,18,-1,20428,11424,214,8790
4688,0,0,0,0,20428,11424,214,8790
4689,2,0,18,-16,20430,11442,214,8774
4690,3,0,6,-3,20433,11448,214,8771
4691,0,0,0,0,20433,11448,214,8771
4692,0,0,4,-4,20433,11452,214,8767
4693,0,0,0,0,20433,11452,214,8767
4694,0,0,0,0,20433,11452,214,8767
4695,0,0,0,0,20433,11452,214,8767
4696,0,0,0,0,20433,11452,214,8767
4697,0,0,0,0,20433,11452,214,8767
4698,0,0,0,0,20433,11452,214,8767
4699,0,0,0,0,20433,11452,214,8767
4700,0,0,0,0,20433,11452,214,8767
4701,0,0,0,0,20433,11452,214,8767
4702,28,0,0,28,20461,11452,214,8795
4703,0,0,0,0,20461,11452,214,8795
4704,0,1,0,-1,20461,11452,215,8794
4705,0,0,0,0,20461,11452,215,8794
4706,0,0,0,0,20461,11452,215,8794
4707,0,0,0,0,20461,11452,215,8794
4708,0,0,0,0,20461,11452,215,8794
4709,0,0,0,0,20461,11452,215,8794
4710,0,0,0,0,20461,11452,215,8794
4711,0,0,0,0,20461,11452,215,8794
4712,0,0,0,0,20461,11452,215,8794
4713,0,0,0,0,20461,11452,215,8794
4714,12,0,0,12,20473,11452,215,8806
4715,0,0,0,0,20473,11452,215,8806
4716,0,0,0,0,20473,11452,215,8806
4717,16,0,10,6,20489,11462,215,8812
4718,20,1,20,-1,20509,11482,216,8811
4719,34,2,20,12,20543,11502,218,8823
4720,30,2,20,8,20573,11522,220,8831
4721,20,0,10,10,20593,11532,220,8841
4722,8,0,20,-12,20601,11552,220,8829
4723,4,0,0,4,20605,11552,220,8833
4724,11,1,6,4,20616,11558,221,8837
4725,4,0,0,4,20620,11558,221,8841
4726,28,0,2,26,20648,11560,221,8867
4727,11,0,6,5,20659,11566,221,8872
4728,7,0,2,5,20666,11568,221,8877
4729,6,0,0,6,20672,11568,221,8883
4730,12,0,0,12,20684,11568,221,8895
4731,37,0,0,37,20721,11568,221,8932
4732,37,0,2,35,20758,11570,221,8967
4733,10,0,0,10,20768,11570,221,8977
4734,45,0,2,43,20813,11572,221,9020
4735,42,0,8,34,20855,11580,221,9054
4736,34,0,5,29,20889,11585,221,9083
4737,12,0,0,12,20901,11585,221,9095
4738,45,0,3,42,20946,11588,221,9137
4739,35,0,59,-24,20981,11647,221,9113
4740,46,0,0,46,21027,11647,221,9159
4741,25,0,6,19,21052,11653,221,9178
4742,30,0,1,29,21082,11654,221,9207
4743,67,0,13,54,21149,11667,221,9261
4744,44,0,0,44,21193,11667,221,9305
4745,15,0,0,15,21208,11667,221,9320
4746,69,0,0,69,21277,11667,221,9389
4747,101,0,5,96,21378,11672,221,9485
4748,125,0,21,104,21503,11693,221,9589
4749,74,0,3,71,21577,11696,221,9660
4750,89,0,13,76,21666,11709,221,9736
4751,209,0,1,208,21875,11710,221,9944
4752,209,0,19,190,22084,11729,221,10134
4753,357,0,1,356,22441,11730,221,10490
4754,317,0,0,317,22758,11730,221,10807
4755,292,0,0,292,23050,11730,221,11099
4756,199,0,0,199,23249,11730,221,11298
4757,135,3,63,69,23384,11793,224,11367
4758,180,0,0,180,23564,11793,224,11547
4759,260,0,3,257,23824,11796,224,11804
4760,256,0,1,255,24080,11797,224,12059
4761,221,1,0,220,24301,11797,225,12279
4762,325,1,0,324,24626,11797,226,12603
4763,261,4,59,198,24887,11856,230,12801
4764,189,0,1,188,25076,11857,230,12989
4765,351,0,0,351,25427,11857,230,13340
4766,351,0,109,242,25778,11966,230,13582
4767,338,0,300,38,26116,12266,230,13620
4768,325,12,282,31,26441,12548,242,13651
4769,330,25,1,304,26771,12549,267,13955
4770,264,1,0,263,27035,12549,268,14218
4771,187,7,12,168,27222,12561,275,14386
4772,173,0,0,173,27395,12561,275,14559
4773,325,4,16,305,27720,12577,279,14864
4774,254,1,141,112,27974,12718,280,14976
4775,301,1,113,187,28275,12831,281,15163
4776,212,3,252,-43,28487,13083,284,15120
4777,217,10,217,-10,28704,13300,294,15110
4778,94,5,200,-111,28798,13500,299,14999
4779,135,2,3364,-3231,28933,16864,301,11768
4780,205,9,309,-113,29138,17173,310,11655
4781,175,9,155,11,29313,17328,319,11666
4782,224,3,96,125,29537,17424,322,11791
4783,241,5,200,36,29778,17624,327,11827
4784,178,2,200,-24,29956,17824,329,11803
4785,152,0,207,-55,30108,18031,329,11748
4786,197,2,164,31,30305,18195,331,11779
4787,234,16,183,35,30539,18378,347,11814
4788,154,1,105,48,30693,18483,348,11862
4789,5,0,0,5,5,0,0,5
4790,2,0,0,2,7,0,0,7
4791,0,0,0,0,7,0,0,7
4792,0,0,0,0,7,0,0,7
4793,0,0,0,0,7,0,0,7
4794,0,0,0,0,7,0,0,7
4795,8,1,0,7,15,0,1,14
4796,2,0,0,2,17,0,1,16
4797,0,2,0,-2,17,0,3,14
4798,4,0,1,3,21,1,3,17
4799,0,1,2,-3,21,3,4,14
4800,7,0,0,7,28,3,4,21
4801,0,1,0,-1,28,3,5,20
4802,5,0,0,5,33,3,5,25
4803,1,0,1,0,34,4,5,25
4804,3,2,0,1,37,4,7,26
4805,12,0,1,11,49,5,7,37
4806,9,0,4,5,58,9,7,42
4807,15,0,0,15,73,9,7,57
4808,18,0,1,17,91,10,7,74
4809,4,0,0,4,95,10,7,78
4810,0,0,0,0,95,10,7,78
4811,2,0,1,1,97,11,7,79
4812,10,0,0,10,107,11,7,89
4813,7,1,0,6,114,11,8,95
4814,18,0,0,18,132,11,8,113
4815,14,0,4,10,146,15,8,123
4816,0,0,1,-1,146,16,8,122
4817,4,0,0,4,150,16,8,126
4818,0,1,4,-5,150,20,9,121
4819,7,0,0,7,157,20,9,128
4820,13,0,0,13,170,20,9,141
4821,9,0,4,5,179,24,9,146
4822,0,0,0,0,179,24,9,146
4823,16,0,0,16,195,24,9,162
4824,3,0,0,3,198,24,9,165
4825,14,0,0,14,212,24,9,179
4826,13,0,0,13,225,24,9,192
4827,13,0,0,13,238,24,9,205
4828,8,0,0,8,246,24,9,213
4829,7,0,0,7,253,24,9,220
4830,7,0,0,7,260,24,9,227
4831,0,0,0,0,260,24,9,227
4832,14,0,0,14,274,24,9,241
4833,13,0,0,13,287,24,9,254
4834,2,0,0,2,289,24,9,256
4835,67,27,0,40,356,24,36,296
4836,7,0,50,-43,363,74,36,253
4837,2,8,0,-6,365,74,44,247
4838,71,2,0,69,436,74,46,316
4839,46,5,3,38,482,77,51,354
4840,59,4,0,55,541,77,55,409
4841,8,4,1,3,549,78,59,412
4842,21,0,0,21,570,78,59,433
4843,18,2,0,16,588,78,61,449
4844,9,2,3,4,597,81,63,453
4845,3,2,0,1,600,81,65,454
4846,28,8,0,20,628,81,73,474
4847,73,0,0,73,701,81,73,547
4848,114,1,2,111,815,83,74,658
4849,73,5,15,53,888,98,79,711
4850,3,0,2,1,891,100,79,712
4851,26,6,0,20,917,100,85,732
4852,29,1,0,28,946,100,86,760
4853,21,3,2,16,967,102,89,776
4854,64,3,0,61,1031,102,92,837
4855,109,0,3,106,1140,105,92,943
4856,71,2,0,69,1211,105,94,1012
4857,33,2,4,27,1244,109,96,1039
4858,38,3,0,35,1282,109,99,1074
4859,62,0,9,53,1344,118,99,1127
4860,91,8,1,82,1435,119,107,1209
4861,127,4,10,113,1562,129,111,1322
4862,70,4,36,30,1632,165,115,1352
4863,60,3,15,42,1692,180,118,1394
4864,123,6,22,95,1815,202,124,1489
4865,70,6,29,35,1885,231,130,1524
4866,66,4,16,46,1951,247,134,1570
4867,169,6,6,157,2120,253,140,1727
4868,87,9,79,-1,2207,332,149,1726
4869,118,2,14,102,2325,346,151,1828
4870,66,3,14,49,2391,360,154,1877
4871,84,10,25,49,2475,385,164,1926
4872,94,2,10,82,2569,395,166,2008
4873,89,0,10,79,2658,405,166,2087
4874,27,1,28,-2,2685,433,167,2085
4875,90,7,15,68,2775,448,174,2153
4876,59,3,86,-30,2834,534,177,2123
4877,41,0,15,26,2875,549,177,2149
4878,54,4,94,-44,2929,643,181,2105
4879,73,4,80,-11,3002,723,185,2094
4880,38,3,5,30,3040,728,188,2124
4881,108,1,38,69,3148,766,189,2193
4882,75,0,23,52,3223,789,189,2245
4883,113,5,51,57,3336,840,194,2302
4884,110,3,28,79,3446,868,197,2381
4885,73,2,42,29,3519,910,199,2410
4886,44,2,32,10,3563,942,201,2420
4887,64,3,15,46,3627,957,204,2466
4888,67,1,107,-41,3694,1064,205,2425
4889,123,3,62,58,3817,1126,208,2483
4890,106,2,22,82,3923,1148,210,2565
4891,66,0,55,11,3989,1203,210,2576
4892,79,5,75,-1,4068,1278,215,2575
4893,77,5,107,-35,4145,1385,220,2540
4894,73,3,24,46,4218,1409,223,2586
4895,161,2,54,105,4379,1463,225,2691
4896,109,8,41,60,4488,1504,233,2751
4897,133,2,66,65,4621,1570,235,2816
4898,101,7,42,52,4722,1612,242,2868
4899,107,3,88,16,4829,1700,245,2884
4900,110,5,30,75,4939,1730,250,2959
4901,52,6,99,-53,4991,1829,256,2906
4902,92,5,191,-104,5083,2020,261,2802
4903,133,1,134,-2,5216,2154,262,2800
4904,116,0,115,1,5332,2269,262,2801
4905,90,3,271,-184,5422,2540,265,2617
4906,118,5,178,-65,5540,2718,270,2552
4907,115,2,131,-18,5655,2849,272,2534
4908,33,3,67,-37,5688,2916,275,2497
4909,94,4,157,-67,5782,3073,279,2430
4910,101,8,71,22,5883,3144,287,2452
4911,87,1,155,-69,5970,3299,288,2383
4912,128,6,68,54,6098,3367,294,2437
4913,62,0,82,-20,6160,3449,294,2417
4914,32,0,18,14,6192,3467,294,2431
4915,46,2,92,-48,6238,3559,296,2383
4916,119,1,50,68,6357,3609,297,2451
4917,54,0,95,-41,6411,3704,297,2410
4918,67,0,25,42,6478,3729,297,2452
4919,57,3,121,-67,6535,3850,300,2385
4920,82,2,42,38,6617,3892,302,2423
4921,98,3,133,-38,6715,4025,305,2385
4922,50,1,28,21,6765,4053,306,2406
4923,71,1,82,-12,6836,4135,307,2394
4924,53,2,86,-35,6889,4221,309,2359
4925,45,4,26,15,6934,4247,313,2374
4926,55,2,57,-4,6989,4304,315,2370
4927,62,3,36,23,7051,4340,318,2393
4928,100,0,83,17,7151,4423,318,2410
4929,90,6,126,-42,7241,4549,324,2368
4930,40,0,40,0,7281,4589,324,2368
4931,82,1,136,-55,7363,4725,325,2313
4932,181,0,74,107,7544,4799,325,2420
4933,74,2,275,-203,7618,5074,327,2217
4934,78,3,230,-155,7696,5304,330,2062
4935,81,2,77,2,7777,5381,332,2064
4936,61,2,47,12,7838,5428,334,2076
4937,82,4,66,12,7920,5494,338,2088
4938,54,2,141,-89,7974,5635,340,1999
4939,39,2,184,-147,8013,5819,342,1852
4940,68,5,180,-117,8081,5999,347,1735
4941,111,3,149,-41,8192,6148,350,1694
4942,64,2,96,-34,8256,6244,352,1660
4943,32,1,42,-11,8288,6286,353,1649
4944,69,1,102,-34,8357,6388,354,1615
4945,59,4,105,-50,8416,6493,358,1565
4946,111,4,139,-32,8527,6632,362,1533
4947,49,0,37,12,8576,6669,362,1545
4948,81,6,37,38,8657,6706,368,1583
4949,103,1,95,7,8760,6801,369,1590
4950,77,2,49,26,8837,6850,371,1616
4951,66,1,38,27,8903,6888,372,1643
4952,99,1,106,-8,9002,6994,373,1635
4953,77,6,138,-67,9079,7132,379,1568
4954,73,1,101,-29,9152,7233,380,1539
4955,96,5,84,7,9248,7317,385,1546
4956,33,0,78,-45,9281,7395,385,1501
4957,141,3,78,60,9422,7473,388,1561
4958,77,1,56,20,9499,7529,389,1581
4959,11,2,58,-49,9510,7587,391,1532
4960,36,0,37,-1,9546,7624,391,1531
4961,25,2,199,-176,9571,7823,393,1355
4962,76,2,247,-173,9647,8070,395,1182
4963,87,3,59,25,9734,8129,398,1207
4964,82,2,96,-16,9816,8225,400,1191
4965,85,0,40,45,9901,8265,400,1236
4966,82,3,104,-25,9983,8369,403,1211
4967,63,1,81,-19,10046,8450,404,1192
4968,33,4,51,-22,10079,8501,408,1170
4969,40,2,16,22,10119,8517,410,1192
4970,77,1,75,1,10196,8592,411,1193
4971,40,5,89,-54,10236,8681,416,1139
4972,53,2,64,-13,10289,8745,418,1126
4973,59,2,38,19,10348,8783,420,1145
4974,55,0,73,-18,10403,8856,420,1127
4975,75,4,63,8,10478,8919,424,1135
4976,84,2,71,11,10562,8990,426,1146
4977,59,1,97,-39,10621,9087,427,1107
4978,44,1,32,11,10665,9119,428,1118
4979,73,3,107,-37,10738,9226,431,1081
4980,40,1,68,-29,10778,9294,432,1052
4981,42,5,69,-32,10820,9363,437,1020
4982,81,1,142,-62,10901,9505,438,958
4983,53,1,22,30,10954,9527,439,988
4984,75,1,79,-5,11029,9606,440,983
4985,27,1,45,-19,11056,9651,441,964
4986,77,1,111,-35,11133,9762,442,929
4987,55,3,54,-2,11188,9816,445,927
4988,76,1,59,16,11264,9875,446,943
4989,68,2,43,23,11332,9918,448,966
4990,71,2,66,3,11403,9984,450,969
4991,39,2,58,-21,11442,10042,452,948
4992,8,2,33,-27,11450,10075,454,921
4993,42,2,42,-2,11492,10117,456,919
4994,19,3,37,-21,11511,10154,459,898
4995,28,3,42,-17,11539,10196,462,881
4996,48,3,80,-35,11587,10276,465,846
4997,46,3,99,-56,11633,10375,468,790
4998,19,3,52,-36,11652,10427,471,754
4999,2,2,56,-56,11654,10483,473,698
5000,12,3,32,-23,11666,10515,476,675
5001,69,2,80,-13,11735,10595,478,662
5002,32,2,43,-13,11767,10638,480,649
5003,44,1,59,-16,11811,10697,481,633
5004,48,3,78,-33,11859,10775,484,600
5005,25,2,75,-52,11884,10850,486,548
5006,12,0,25,-13,11896,10875,486,535
5007,16,1,53,-38,11912,10928,487,497
5008,22,0,41,-19,11934,10969,487,478
5009,94,1,27,66,12028,10996,488,544
5010,59,2,45,12,12087,11041,490,556
5011,43,2,15,26,12130,11056,492,582
5012,46,2,16,28,12176,11072,494,610
5013,12,1,8,3,12188,11080,495,613
5014,59,0,43,16,12247,11123,495,629
5015,68,2,61,5,12315,11184,497,634
5016,50,2,28,20,12365,11212,499,654
5017,31,1,29,1,12396,11241,500,655
5018,51,1,91,-41,12447,11332,501,614
5019,74,0,35,39,12521,11367,501,653
5020,22,2,46,-26,12543,11413,503,627
5021,14,0,173,-159,12557,11586,503,468
5022,83,1,2,80,12640,11588,504,548
5023,40,3,2,35,12680,11590,507,583
5024,58,3,3,52,12738,11593,510,635
5025,89,1,0,88,12827,11593,511,723
5026,75,3,1,71,12902,11594,514,794
5027,11,0,9,2,12913,11603,514,796
5028,21,2,26,-7,12934,11629,516,789
5029,64,1,29,34,12998,11658,517,823
5030,49,3,16,30,13047,11674,520,853
5031,44,2,39,3,13091,11713,522,856
5032,56,1,18,37,13147,11731,523,893
5033,40,3,14,23,13187,11745,526,916
5034,12,1,32,-21,13199,11777,527,895
5035,82,4,39,39,13281,11816,531,934
5036,33,1,73,-41,13314,11889,532,893
5037,54,2,10,42,13368,11899,534,935
5038,71,2,84,-15,13439,11983,536,920
5039,96,0,13,83,13535,11996,536,1003
5040,70,1,27,42,13605,12023,537,1045
5041,28,1,10,17,13633,12033,538,1062
5042,62,1,31,30,13695,12064,539,1092
5043,83,3,225,-145,13778,12289,542,947
5044,46,2,109,-65,13824,12398,544,882
5045,56,5,51,0,13880,12449,549,882
5046,91,2,117,-28,13971,12566,551,854
5047,104,1,55,48,14075,12621,552,902
5048,48,1,60,-13,14123,12681,553,889
5049,48,2,68,-22,14171,12749,555,867
5050,72,0,66,6,14243,12815,555,873
5051,95,0,94,1,14338,12909,555,874
5052,82,1,123,-42,14420,13032,556,832
5053,78,5,102,-29,14498,13134,561,803
5054,88,2,41,45,14586,13175,563,848
5055,43,3,25,15,14629,13200,566,863
5056,66,2,32,32,14695,13232,568,895
5057,90,2,39,49,14785,13271,570,944
5058,95,3,33,59,14880,13304,573,1003
5059,93,0,75,18,14973,13379,573,1021
5060,63,0,93,-30,15036,13472,573,991
5061,45,2,35,8,15081,13507,575,999
5062,21,0,40,-19,15102,13547,575,980
5063,61,3,99,-41,15163,13646,578,939
5064,74,2,72,0,15237,13718,580,939
5065,66,4,82,-20,15303,13800,584,919
5066,99,0,61,38,15402,13861,584,957
5067,17,2,45,-30,15419,13906,586,927
5068,71,1,80,-10,15490,13986,587,917
5069,20,2,69,-51,15510,14055,589,866
5070,81,1,59,21,15591,14114,590,887
5071,88,2,59,27,15679,14173,592,914
5072,93,0,47,46,15772,14220,592,960
5073,89,1,46,42,15861,14266,593,1002
5074,98,1,61,36,15959,14327,594,1038
5075,120,3,45,72,16079,14372,597,1110
5076,114,2,59,53,16193,14431,599,1163
5077,34,1,91,-58,16227,14522,600,1105
5078,69,2,37,30,16296,14559,602,1135
5079,101,2,75,24,16397,14634,604,1159
5080,107,1,77,29,16504,14711,605,1188
5081,108,3,76,29,16612,14787,608,1217
5082,112,2,62,48,16724,14849,610,1265
5083,13,3,82,-72,16737,14931,613,1193
5084,68,2,42,24,16805,14973,615,1217
5085,32,1,44,-13,16837,15017,616,1204
5086,106,2,77,27,16943,15094,618,1231
5087,107,3,93,11,17050,15187,621,1242
5088,137,2,105,30,17187,15292,623,1272
5089,120,2,87,31,17307,15379,625,1303
5090,133,2,138,-7,17440,15517,627,1296
5091,97,5,75,17,17537,15592,632,1313
5092,62,3,101,-42,17599,15693,635,1271
5093,103,1,49,53,17702,15742,636,1324
5094,120,3,100,17,17822,15842,639,1341
5095,130,2,42,86,17952,15884,641,1427
5096,124,3,88,33,18076,15972,644,1460
5097,74,3,58,13,18150,16030,647,1473
5098,87,2,64,21,18237,16094,649,1494
5099,104,2,45,57,18341,16139,651,1551
5100,111,5,138,-32,18452,16277,656,1519
5101,128,2,64,62,18580,16341,658,1581
5102,140,4,154,-18,18720,16495,662,1563
5103,117,3,56,58,18837,16551,665,1621
5104,80,2,34,44,18917,16585,667,1665
5105,115,3,181,-69,19032,16766,670,1596
5106,145,2,190,-47,19177,16956,672,1549
5107,139,2,108,29,19316,17064,674,1578
5108,136,3,65,68,19452,17129,677,1646
5109,144,0,120,24,19596,17249,677,1670
5110,97,5,92,0,19693,17341,682,1670
5111,146,0,21,125,19839,17362,682,1795
5112,139,0,52,87,19978,17414,682,1882
5113,151,1,8,142,20129,17422,683,2024
5114,120,0,109,11,20249,17531,683,2035
5115,180,12,211,-43,20429,17742,695,1992
5116,183,0,382,-199,20612,18124,695,1793
5117,162,2,153,7,20774,18277,697,1800
5118,107,7,194,-94,20881,18471,704,1706
5119,101,1,117,-17,20982,18588,705,1689
5120,133,3,129,1,21115,18717,708,1690
5121,179,5,93,81,21294,18810,713,1771
5122,186,3,294,-111,21480,19104,716,1660
5123,187,1,128,58,21667,19232,717,1718
5124,170,3,43,124,21837,19275,720,1842
5125,206,1,91,114,22043,19366,721,1956
5126,187,6,102,79,22230,19468,727,2035
5127,179,2,121,56,22409,19589,729,2091
5128,167,5,129,33,22576,19718,734,2124
5129,197,3,242,-48,22773,19960,737,2076
5130,171,6,83,82,22944,20043,743,2158
5131,196,2,136,58,23140,20179,745,2216
5132,160,2,265,-107,23300,20444,747,2109
5133,126,4,131,-9,23426,20575,751,2100
5134,112,4,114,-6,23538,20689,755,2094
5135,196,2,125,69,23734,20814,757,2163
5136,199,3,72,124,23933,20886,760,2287
5137,197,3,146,48,24130,21032,763,2335
5138,204,5,279,-80,24334,21311,768,2255
5139,175,4,142,29,24509,21453,772,2284
5140,191,2,266,-77,24700,21719,774,2207
5141,158,5,130,23,24858,21849,779,2230
5142,118,4,134,-20,24976,21983,783,2210
5143,197,4,157,36,25173,22140,787,2246
5144,215,4,188,23,25388,22328,791,2269
5145,228,0,116,112,25616,22444,791,2381
5146,207,4,91,112,25823,22535,795,2493
5147,140,4,117,19,25963,22652,799,2512
5148,190,5,363,-178,26153,23015,804,2334
5149,236,3,110,123,26389,23125,807,2457
5150,215,3,159,53,26604,23284,810,2510
5151,267,4,164,99,26871,23448,814,2609
5152,248,6,196,46,27119,23644,820,2655
5153,275,6,217,52,27394,23861,826,2707
5154,221,3,82,136,27615,23943,829,2843
5155,267,4,83,180,27882,24026,833,3023
5156,262,4,258,0,28144,24284,837,3023
5157,283,5,141,137,28427,24425,842,3160
5158,154,5,220,-71,28581,24645,847,3089
5159,290,0,258,32,28871,24903,847,3121
5160,153,2,213,-62,29024,25116,849,3059
5161,153,5,222,-74,29177,25338,854,2985
5162,140,3,122,15,29317,25460,857,3000
5163,301,7,498,-204,29618,25958,864,2796
5164,281,5,174,102,29899,26132,869,2898
5165,257,4,225,28,30156,26357,873,2926
5166,241,0,290,-49,30397,26647,873,2877
5167,82,4,184,-106,30479,26831,877,2771
5168,142,5,124,13,30621,26955,882,2784
5169,256,1,154,101,30877,27109,883,2885
5170,221,6,237,-22,31098,27346,889,2863
5171,153,6,215,-68,31251,27561,895,2795
5172,156,2,287,-133,31407,27848,897,2662
5173,186,3,142,41,31593,27990,900,2703
5174,31,2,112,-83,31624,28102,902,2620
5175,147,4,142,1,31771,28244,906,2621
5176,95,5,279,-189,31866,28523,911,2432
5177,206,5,210,-9,32072,28733,916,2423
5178,197,4,327,-134,32269,29060,920,2289
5179,173,5,54,114,32442,29114,925,2403
5180,56,2,62,-8,32498,29176,927,2395
5181,16,3,212,-199,32514,29388,930,2196
5182,98,7,130,-39,32612,29518,937,2157
5183,74,1,97,-24,32686,29615,938,2133
5184,65,3,59,3,32751,29674,941,2136
5185,207,0,166,41,32958,29840,941,2177
5186,88,4,99,-15,33046,29939,945,2162
5187,12,4,62,-54,33058,30001,949,2108
5188,34,1,45,-12,33092,30046,950,2096
5189,56,5,224,-173,33148,30270,955,1923
5190,108,3,211,-106,33256,30481,958,1817
5191,64,2,140,-78,33320,30621,960,1739
5192,144,1,223,-80,33464,30844,961,1659
5193,108,3,92,13,33572,30936,964,1672
5194,64,2,129,-67,33636,31065,966,1605
5195,22,3,63,-44,33658,31128,969,1561
5196,46,2,114,-70,33704,31242,971,1491
5197,85,1,458,-374,33789,31700,972,1117
5198,27,3,100,-76,33816,31800,975,1041
5199,19,1,39,-21,33835,31839,976,1020
5200,1,1,44,-44,33836,31883,977,976
5201,37,4,48,-15,33873,31931,981,961
5202,25,3,77,-55,33898,32008,984,906
5203,42,5,76,-39,33940,32084,989,867
5204,55,3,86,-34,33995,32170,992,833
5205,81,3,47,31,34076,32217,995,864
5206,85,2,64,19,34161,32281,997,883
5207,48,1,27,20,34209,32308,998,903
5208,73,2,57,14,34282,32365,1000,917
5209,29,2,193,-166,34311,32558,1002,751
5210,43,1,65,-23,34354,32623,1003,728
5211,82,3,25,54,34436,32648,1006,782
5212,56,2,47,7,34492,32695,1008,789
5213,68,2,39,27,34560,32734,1010,816
5214,110,2,42,66,34670,32776,1012,882
5215,74,2,45,27,34744,32821,1014,909
5216,15,1,65,-51,34759,32886,1015,858
5217,43,2,41,0,34802,32927,1017,858
5218,12,3,32,-23,34814,32959,1020,835
5219,56,3,42,11,34870,33001,1023,846
5220,53,3,54,-4,34923,33055,1026,842
5221,48,0,41,7,34971,33096,1026,849
5222,72,7,83,-18,35043,33179,1033,831
5223,9,2,33,-26,35052,33212,1035,805
5224,17,2,52,-37,35069,33264,1037,768
5225,28,3,92,-67,35097,33356,1040,701
5226,102,1,164,-63,35199,33520,1041,638
5227,34,0,35,-1,35233,33555,1041,637
5228,23,0,24,-1,35256,33579,1041,636
5229,29,3,30,-4,35285,33609,1044,632
5230,13,2,27,-16,35298,33636,1046,616
5231,21,2,42,-23,35319,33678,1048,593
5232,57,1,55,1,35376,33733,1049,594
5233,93,1,36,56,35469,33769,1050,650
5234,28,0,12,16,35497,33781,1050,666
5235,48,1,31,16,35545,33812,1051,682
5236,20,0,50,-30,35565,33862,1051,652
5237,5,1,29,-25,35570,33891,1052,627
5238,37,1,21,15,35607,33912,1053,642
5239,77,1,86,-10,35684,33998,1054,632
5240,39,3,22,14,35723,34020,1057,646
5241,56,1,21,34,35779,34041,1058,680
5242,89,4,31,54,35868,34072,1062,734
5243,23,0,35,-12,35891,34107,1062,722
5244,48,3,21,24,35939,34128,1065,746
5245,55,1,70,-16,35994,34198,1066,730
5246,82,0,25,57,36076,34223,1066,787
5247,124,1,44,79,36200,34267,1067,866
5248,159,4,67,88,36359,34334,1071,954
5249,77,1,23,53,36436,34357,1072,1007
5250,208,1,134,73,36644,34491,1073,1080
5251,22,2,22,-2,36666,34513,1075,1078
5252,55,5,69,-19,36721,34582,1080,1059
5253,111,5,36,70,36832,34618,1085,1129
5254,144,3,82,59,36976,34700,1088,1188
5255,200,3,73,124,37176,34773,1091,1312
5256,202,6,52,144,37378,34825,1097,1456
5257,120,6,35,79,37498,34860,1103,1535
5258,49,5,64,-20,37547,34924,1108,1515
5259,307,5,82,220,37854,35006,1113,1735
5260,393,5,62,326,38247,35068,1118,2061
5261,493,5,137,351,38740,35205,1123,2412
5262,345,6,134,205,39085,35339,1129,2617
5263,644,6,87,551,39729,35426,1135,3168
5264,299,5,104,190,40028,35530,1140,3358
5265,248,6,33,209,40276,35563,1146,3567
5266,495,6,79,410,40771,35642,1152,3977
5267,229,10,165,54,41000,35807,1162,4031
5268,650,6,149,495,41650,35956,1168,4526
5269,876,8,112,756,42526,36068,1176,5282
5270,687,0,72,615,43213,36140,1176,5897
5271,619,19,165,435,43832,36305,1195,6332
5272,195,5,412,-222,44027,36717,1200,6110
5273,517,37,347,133,44544,37064,1237,6243
5274,862,11,217,634,45406,37281,1248,6877
5275,913,29,374,510,46319,37655,1277,7387
5276,958,13,253,692,47277,37908,1290,8079
5277,720,3,130,587,47997,38038,1293,8666
5278,665,28,415,222,48662,38453,1321,8888
5279,470,42,418,10,49132,38871,1363,8898
5280,744,41,299,404,49876,39170,1404,9302
5281,733,17,165,551,50609,39335,1421,9853
5282,876,46,309,521,51485,39644,1467,10374
5283,906,21,786,99,52391,40430,1488,10473
5284,908,42,522,344,53299,40952,1530,10817
5285,817,49,422,346,54116,41374,1579,11163
5286,559,24,693,-158,54675,42067,1603,11005
5287,578,26,601,-49,55253,42668,1629,10956
5288,687,24,247,416,55940,42915,1653,11372
5289,465,32,412,21,56405,43327,1685,11393
5290,811,4,632,175,57216,43959,1689,11568
5291,856,44,424,388,58072,44383,1733,11956
5292,616,41,1129,-554,58688,45512,1774,11402
5293,574,25,416,133,59262,45928,1799,11535
5294,669,40,614,15,59931,46542,1839,11550
5295,445,39,785,-379,60376,47327,1878,11171
5296,3,0,0,3,3,0,0,3
5297,2,0,0,2,5,0,0,5
5298,0,0,0,0,5,0,0,5
5299,0,0,0,0,5,0,0,5
5300,3,0,0,3,8,0,0,8
5301,0,0,0,0,8,0,0,8
5302,0,0,0,0,8,0,0,8
5303,0,0,0,0,8,0,0,8
5304,0,0,0,0,8,0,0,8
5305,0,0,0,0,8,0,0,8
5306,0,0,0,0,8,0,0,8
5307,10,0,0,10,18,0,0,18
5308,0,0,0,0,18,0,0,18
5309,0,0,0,0,18,0,0,18
5310,0,0,0,0,18,0,0,18
5311,13,3,5,5,31,5,3,23
5312,0,0,0,0,31,5,3,23
5313,13,0,1,12,44,6,3,35
5314,1,0,0,1,45,6,3,36
5315,3,1,0,2,48,6,4,38
5316,7,0,1,6,55,7,4,44
5317,0,0,0,0,55,7,4,44
5318,7,2,3,2,62,10,6,46
5319,9,1,2,6,71,12,7,52
5320,1,0,0,1,72,12,7,53
5321,2,0,1,1,74,13,7,54
5322,2,1,0,1,76,13,8,55
5323,5,1,0,4,81,13,9,59
5324,5,0,3,2,86,16,9,61
5325,10,1,1,8,96,17,10,69
5326,1,1,4,-4,97,21,11,65
5327,5,0,0,5,102,21,11,70
5328,19,3,4,12,121,25,14,82
5329,23,0,0,23,144,25,14,105
5330,1,1,0,0,145,25,15,105
5331,3,0,1,2,148,26,15,107
5332,24,0,5,19,172,31,15,126
5333,10,1,0,9,182,31,16,135
5334,13,0,5,8,195,36,16,143
5335,8,0,2,6,203,38,16,149
5336,18,0,1,17,221,39,16,166
5337,17,1,0,16,238,39,17,182
5338,14,1,3,10,252,42,18,192
5339,18,0,7,11,270,49,18,203
5340,16,0,7,9,286,56,18,212
5341,13,0,2,11,299,58,18,223
5342,0,0,11,-11,299,69,18,212
5343,20,1,3,16,319,72,19,228
5344,20,1,13,6,339,85,20,234
5345,32,2,3,27,371,88,22,261
5346,22,0,3,19,393,91,22,280
5347,3,1,3,-1,396,94,23,279
5348,12,0,3,9,408,97,23,288
5349,1,0,12,-11,409,109,23,277
5350,11,0,10,1,420,119,23,278
5351,8,1,28,-21,428,147,24,257
5352,8,0,7,1,436,154,24,258
5353,2,0,5,-3,438,159,24,255
5354,5,1,20,-16,443,179,25,239
5355,35,0,5,30,478,184,25,269
5356,0,0,5,-5,478,189,25,264
5357,32,0,22,10,510,211,25,274
5358,27,1,28,-2,537,239,26,272
5359,4,0,8,-4,541,247,26,268
5360,0,0,6,-6,541,253,26,262
5361,11,0,6,5,552,259,26,267
5362,15,0,9,6,567,268,26,273
5363,0,0,2,-2,567,270,26,271
5364,7,0,5,2,574,275,26,273
5365,9,0,5,4,583,280,26,277
5366,11,0,35,-24,594,315,26,253
5367,13,1,21,-9,607,336,27,244
5368,11,0,3,8,618,339,27,252
5369,8,0,4,4,626,343,27,256
5370,0,0,11,-11,626,354,27,245
5371,19,2,10,7,645,364,29,252
5372,14,0,28,-14,659,392,29,238
5373,2,0,3,-1,661,395,29,237
5374,10,0,15,-5,671,410,29,232
5375,3,0,4,-1,674,414,29,231
5376,7,1,12,-6,681,426,30,225
5377,0,0,0,0,681,426,30,225
5378,6,0,36,-30,687,462,30,195
5379,4,0,6,-2,691,468,30,193
5380,5,0,17,-12,696,485,30,181
5381,4,0,11,-7,700,496,30,174
5382,3,0,4,-1,703,500,30,173
5383,4,0,6,-2,707,506,30,171
5384,0,0,2,-2,707,508,30,169
5385,5,0,19,-14,712,527,30,155
5386,3,0,15,-12,715,542,30,143
5387,2,0,22,-20,717,564,30,123
5388,3,1,10,-8,720,574,31,115
5389,2,0,10,-8,722,584,31,107
5390,3,0,6,-3,725,590,31,104
5391,0,0,1,-1,725,591,31,103
5392,1,0,12,-11,726,603,31,92
5393,16,0,7,9,742,610,31,101
5394,8,0,11,-3,750,621,31,98
5395,10,0,4,6,760,625,31,104
5396,2,0,2,0,762,627,31,104
5397,13,0,1,12,775,628,31,116
5398,0,0,2,-2,775,630,31,114
5399,5,0,10,-5,780,640,31,109
5400,0,1,10,-11,780,650,32,98
5401,5,0,8,-3,785,658,32,95
5402,6,0,6,0,791,664,32,95
5403,3,0,5,-2,794,669,32,93
5404,6,0,5,1,800,674,32,94
5405,0,0,0,0,800,674,32,94
5406,3,0,11,-8,803,685,32,86
5407,2,0,5,-3,805,690,32,83
5408,1,0,3,-2,806,693,32,81
5409,7,0,2,5,813,695,32,86
5410,4,0,5,-1,817,700,32,85
5411,9,1,4,4,826,704,33,89
5412,2,0,0,2,828,704,33,91
5413,8,0,7,1,836,711,33,92
5414,10,0,1,9,846,712,33,101
5415,3,0,3,0,849,715,33,101
5416,3,0,6,-3,852,721,33,98
5417,12,0,13,-1,864,734,33,97
5418,5,0,6,-1,869,740,33,96
5419,0,0,3,-3,869,743,33,93
5420,5,0,4,1,874,747,33,94
5421,17,0,7,10,891,754,33,104
5422,16,0,8,8,907,762,33,112
5423,41,1,2,38,948,764,34,150
5424,0,0,0,0,948,764,34,150
5425,9,0,8,1,957,772,34,151
5426,17,0,2,15,974,774,34,166
5427,13,0,3,10,987,777,34,176
5428,19,0,3,16,1006,780,34,192
5429,32,0,12,20,1038,792,34,212
5430,41,0,10,31,1079,802,34,243
5431,23,0,5,18,1102,807,34,261
5432,38,0,3,35,1140,810,34,296
5433,36,0,9,27,1176,819,34,323
5434,13,0,9,4,1189,828,34,327
5435,27,2,11,14,1216,839,36,341
5436,42,1,20,21,1258,859,37,362
5437,42,1,15,26,1300,874,38,388
5438,37,0,19,18,1337,893,38,406
5439,13,2,8,3,1350,901,40,409
5440,26,1,18,7,1376,919,41,416
5441,37,2,4,31,1413,923,43,447
5442,26,2,20,4,1439,943,45,451
5443,44,0,19,25,1483,962,45,476
5444,45,0,42,3,1528,1004,45,479
5445,37,3,7,27,1565,1011,48,506
5446,68,1,37,30,1633,1048,49,536
5447,26,0,12,14,1659,1060,49,550
5448,77,1,20,56,1736,1080,50,606
5449,87,1,8,78,1823,1088,51,684
5450,41,2,55,-16,1864,1143,53,668
5451,26,2,11,13,1890,1154,55,681
5452,88,0,8,80,1978,1162,55,761
5453,90,1,39,50,2068,1201,56,811
5454,89,0,27,62,2157,1228,56,873
5455,83,0,19,64,2240,1247,56,937
5456,88,0,66,22,2328,1313,56,959
5457,44,0,21,23,2372,1334,56,982
5458,65,3,70,-8,2437,1404,59,974
5459,70,0,30,40,2507,1434,59,1014
5460,244,1,23,220,2751,1457,60,1234
5461,44,1,57,-14,2795,1514,61,1220
5462,115,0,53,62,2910,1567,61,1282
5463,110,2,65,43,3020,1632,63,1325
5464,104,0,61,43,3124,1693,63,1368
5465,37,0,50,-13,3161,1743,63,1355
5466,103,4,5,94,3264,1748,67,1449
5467,123,3,23,97,3387,1771,70,1546
5468,118,4,41,73,3505,1812,74,1619
5469,128,5,86,37,3633,1898,79,1656
5470,116,5,59,52,3749,1957,84,1708
5471,119,2,36,81,3868,1993,86,1789
5472,134,2,63,69,4002,2056,88,1858
5473,159,2,130,27,4161,2186,90,1885
5474,106,3,37,66,4267,2223,93,1951
5475,181,1,88,92,4448,2311,94,2043
5476,202,2,91,109,4650,2402,96,2152
5477,204,2,105,97,4854,2507,98,2249
5478,302,2,144,156,5156,2651,100,2405
5479,208,4,89,115,5364,2740,104,2520
5480,140,1,117,22,5504,2857,105,2542
5481,216,3,68,145,5720,2925,108,2687
5482,206,2,80,124,5926,3005,110,2811
5483,254,6,85,163,6180,3090,116,2974
5484,101,11,105,-15,6281,3195,127,2959
5485,192,4,107,81,6473,3302,131,3040
5486,114,5,133,-24,6587,3435,136,3016
5487,285,7,114,164,6872,3549,143,3180
5488,255,4,132,119,7127,3681,147,3299
5489,216,4,156,56,7343,3837,151,3355
5490,85,3,300,-218,7428,4137,154,3137
5491,194,9,119,66,7622,4256,163,3203
5492,201,5,142,54,7823,4398,168,3257
5493,295,4,167,124,8118,4565,172,3381
5494,244,5,134,105,8362,4699,177,3486
5495,341,4,207,130,8703,4906,181,3616
5496,176,0,112,64,8879,5018,181,3680
5497,173,3,91,79,9052,5109,184,3759
5498,351,1,125,225,9403,5234,185,3984
5499,346,4,131,211,9749,5365,189,4195
5500,500,4,148,348,10249,5513,193,4543
5501,435,3,257,175,10684,5770,196,4718
5502,277,2,107,168,10961,5877,198,4886
5503,242,13,170,59,11203,6047,211,4945
5504,170,3,110,57,11373,6157,214,5002
5505,279,7,268,4,11652,6425,221,5006
5506,222,3,114,105,11874,6539,224,5111
5507,257,7,523,-273,12131,7062,231,4838
5508,296,0,203,93,12427,7265,231,4931
5509,356,6,173,177,12783,7438,237,5108
5510,271,4,185,82,13054,7623,241,5190
5511,312,9,481,-178,13366,8104,250,5012
5512,266,4,199,63,13632,8303,254,5075
5513,345,9,553,-217,13977,8856,263,4858
5514,301,7,1176,-882,14278,10032,270,3976
5515,252,5,261,-14,14530,10293,275,3962
5516,223,6,244,-27,14753,10537,281,3935
5517,178,5,252,-79,14931,10789,286,3856
5518,78,4,252,-178,15009,11041,290,3678
5519,170,5,663,-498,15179,11704,295,3180
5520,240,5,373,-138,15419,12077,300,3042
5521,234,6,291,-63,15653,12368,306,2979
5522,167,8,267,-108,15820,12635,314,2871
5523,197,6,240,-49,16017,12875,320,2822
5524,126,2,184,-60,16143,13059,322,2762
5525,112,4,298,-190,16255,13357,326,2572
5526,254,2,119,133,16509,13476,328,2705
5527,200,4,144,52,16709,13620,332,2757
5528,189,2,125,62,16898,13745,334,2819
5529,244,3,147,94,17142,13892,337,2913
5530,213,0,138,75,17355,14030,337,2988
5531,38,3,80,-45,17393,14110,340,2943
5532,105,11,37,57,17498,14147,351,3000
5533,210,6,147,57,17708,14294,357,3057
5534,195,2,501,-308,17903,14795,359,2749
5535,218,4,319,-105,18121,15114,363,2644
5536,243,11,324,-92,18364,15438,374,2552
5537,229,7,443,-221,18593,15881,381,2331
5538,33,4,161,-132,18626,16042,385,2199
5539,58,1,431,-374,18684,16473,386,1825
5540,260,6,332,-78,18944,16805,392,1747
5541,307,5,147,155,19251,16952,397,1902
5542,239,3,250,-14,19490,17202,400,1888
5543,186,4,210,-28,19676,17412,404,1860
5544,273,3,192,78,19949,17604,407,1938
5545,92,7,216,-131,20041,17820,414,1807
5546,57,1,118,-62,20098,17938,415,1745
5547,175,5,216,-46,20273,18154,420,1699
5548,191,4,151,36,20464,18305,424,1735
5549,209,5,211,-7,20673,18516,429,1728
5550,161,1,151,9,20834,18667,430,1737
5551,139,5,201,-67,20973,18868,435,1670
5552,114,0,113,1,21087,18981,435,1671
5553,88,5,164,-81,21175,19145,440,1590
5554,125,5,159,-39,21300,19304,445,1551
5555,140,0,278,-138,21440,19582,445,1413
5556,63,1,253,-191,21503,19835,446,1222
5557,85,0,39,46,21588,19874,446,1268
5558,116,2,245,-131,21704,20119,448,1137
5559,54,2,51,1,21758,20170,450,1138
5560,39,0,143,-104,21797,20313,450,1034
5561,175,4,154,17,21972,20467,454,1051
5562,114,6,128,-20,22086,20595,460,1031
5563,109,7,127,-25,22195,20722,467,1006
5564,136,6,34,96,22331,20756,473,1102
5565,127,7,113,7,22458,20869,480,1109
5566,122,6,102,14,22580,20971,486,1123
5567,48,2,107,-61,22628,21078,488,1062
5568,160,5,39,116,22788,21117,493,1178
5569,100,6,29,65,22888,21146,499,1243
5570,100,5,20,75,22988,21166,504,1318
5571,75,5,11,59,23063,21177,509,1377
5572,60,4,126,-70,23123,21303,513,1307
5573,16,1,115,-100,23139,21418,514,1207
5574,83,6,129,-52,23222,21547,520,1155
5575,125,1,143,-19,23347,21690,521,1136
5576,117,4,125,-12,23464,21815,525,1124
5577,147,1,115,31,23611,21930,526,1155
5578,38,2,125,-89,23649,22055,528,1066
5579,61,3,116,-58,23710,22171,531,1008
5580,24,3,141,-120,23734,22312,534,888
5581,72,2,141,-71,23806,22453,536,817
5582,178,4,123,51,23984,22576,540,868
5583,171,4,23,144,24155,22599,544,1012
5584,167,0,23,144,24322,22622,544,1156
5585,182,1,19,162,24504,22641,545,1318
5586,5,0,12,-7,24509,22653,545,1311
5587,0,3,24,-27,24509,22677,548,1284
5588,111,4,19,88,24620,22696,552,1372
5589,170,4,43,123,24790,22739,556,1495
5590,269,1,40,228,25059,22779,557,1723
5591,191,5,33,153,25250,22812,562,1876
5592,182,3,29,150,25432,22841,565,2026
5593,168,0,14,154,25600,22855,565,2180
5594,35,2,4,29,25635,22859,567,2209
5595,108,0,59,49,25743,22918,567,2258
5596,167,7,17,143,25910,22935,574,2401
5597,181,4,49,128,26091,22984,578,2529
5598,127,7,22,98,26218,23006,585,2627
5599,111,0,114,-3,26329,23120,585,2624
5600,123,0,122,1,26452,23242,585,2625
5601,44,3,80,-39,26496,23322,588,2586
5602,31,3,52,-24,26527,23374,591,2562
5603,100,1,53,46,26627,23427,592,2608
5604,110,1,133,-24,26737,23560,593,2584
5605,71,6,311,-246,26808,23871,599,2338
5606,84,1,77,6,26892,23948,600,2344
5607,87,2,144,-59,26979,24092,602,2285
5608,44,2,39,3,27023,24131,604,2288
5609,37,7,183,-153,27060,24314,611,2135
5610,129,3,118,8,27189,24432,614,2143
5611,97,3,176,-82,27286,24608,617,2061
5612,58,1,106,-49,27344,24714,618,2012
5613,95,1,161,-67,27439,24875,619,1945
5614,129,0,111,18,27568,24986,619,1963
5615,42,1,154,-113,27610,25140,620,1850
5616,51,0,171,-120,27661,25311,620,1730
5617,141,1,59,81,27802,25370,621,1811
5618,85,5,91,-11,27887,25461,626,1800
5619,123,3,52,68,28010,25513,629,1868
5620,81,1,61,19,28091,25574,630,1887
5621,77,0,116,-39,28168,25690,630,1848
5622,14,4,46,-36,28182,25736,634,1812
5623,54,0,0,54,28236,25736,634,1866
5624,71,0,27,44,28307,25763,634,1910
5625,112,1,49,62,28419,25812,635,1972
5626,90,3,6,81,28509,25818,638,2053
5627,81,3,60,18,28590,25878,641,2071
5628,71,0,55,16,28661,25933,641,2087
5629,29,0,227,-198,28690,26160,641,1889
5630,60,1,184,-125,28750,26344,642,1764
5631,87,0,189,-102,28837,26533,642,1662
5632,83,0,133,-50,28920,26666,642,1612
5633,97,1,137,-41,29017,26803,643,1571
5634,81,0,95,-14,29098,26898,643,1557
5635,84,0,129,-45,29182,27027,643,1512
5636,22,4,164,-146,29204,27191,647,1366
5637,71,1,149,-79,29275,27340,648,1287
5638,105,2,184,-81,29380,27524,650,1206
5639,87,2,75,10,29467,27599,652,1216
5640,87,1,165,-79,29554,27764,653,1137
5641,92,0,141,-49,29646,27905,653,1088
5642,60,1,69,-10,29706,27974,654,1078
5643,8,1,75,-68,29714,28049,655,1010
5644,83,2,33,48,29797,28082,657,1058
5645,101,1,101,-1,29898,28183,658,1057
5646,87,1,104,-18,29985,28287,659,1039
5647,57,4,48,5,30042,28335,663,1044
5648,68,2,50,16,30110,28385,665,1060
5649,93,3,145,-55,30203,28530,668,1005
5650,22,0,33,-11,30225,28563,668,994
5651,55,0,64,-9,30280,28627,668,985
5652,135,4,66,65,30415,28693,672,1050
5653,105,0,91,14,30520,28784,672,1064
5654,109,2,80,27,30629,28864,674,1091
5655,77,1,172,-96,30706,29036,675,995
5656,87,2,60,25,30793,29096,677,1020
5657,41,0,59,-18,30834,29155,677,1002
5658,90,2,41,47,30924,29196,679,1049
5659,89,0,105,-16,31013,29301,679,1033
5660,111,0,123,-12,31124,29424,679,1021
5661,115,0,46,69,31239,29470,679,1090
5662,110,1,64,45,31349,29534,680,1135
5663,106,2,128,-24,31455,29662,682,1111
5664,41,1,37,3,31496,29699,683,1114
5665,106,0,13,93,31602,29712,683,1207
5666,126,1,56,69,31728,29768,684,1276
5667,134,1,76,57,31862,29844,685,1333
5668,150,4,55,91,32012,29899,689,1424
5669,86,1,92,-7,32098,29991,690,1417
5670,57,0,37,20,32155,30028,690,1437
5671,51,4,110,-63,32206,30138,694,1374
5672,105,4,115,-14,32311,30253,698,1360
5673,129,0,121,8,32440,30374,698,1368
5674,215,10,193,12,32655,30567,708,1380
5675,145,2,67,76,32800,30634,710,1456
5676,155,5,54,96,32955,30688,715,1552
5677,114,1,153,-40,33069,30841,716,1512
5678,57,2,50,5,33126,30891,718,1517
5679,101,4,162,-65,33227,31053,722,1452
5680,174,3,168,3,33401,31221,725,1455
5681,158,5,153,0,33559,31374,730,1455
5682,168,4,162,2,33727,31536,734,1457
5683,206,7,140,59,33933,31676,741,1516
5684,204,3,99,102,34137,31775,744,1618
5685,89,3,59,27,34226,31834,747,1645
5686,176,6,146,24,34402,31980,753,1669
5687,514,8,106,400,34916,32086,761,2069
5688,286,2,100,184,35202,32186,763,2253
5689,232,2,230,0,35434,32416,765,2253
5690,295,6,259,30,35729,32675,771,2283
5691,234,2,77,155,35963,32752,773,2438
5692,93,6,56,31,36056,32808,779,2469
5693,212,4,247,-39,36268,33055,783,2430
5694,220,4,231,-15,36488,33286,787,2415
5695,281,6,247,28,36769,33533,793,2443
5696,162,2,140,20,36931,33673,795,2463
5697,179,8,333,-162,37110,34006,803,2301
5698,270,6,137,127,37380,34143,809,2428
5699,58,5,98,-45,37438,34241,814,2383
5700,144,5,223,-84,37582,34464,819,2299
5701,263,5,208,50,37845,34672,824,2349
5702,416,10,257,149,38261,34929,834,2498
5703,283,7,204,72,38544,35133,841,2570
5704,300,3,276,21,38844,35409,844,2591
5705,322,11,171,140,39166,35580,855,2731
5706,177,11,103,63,39343,35683,866,2794
5707,231,3,268,-40,39574,35951,869,2754
5708,443,9,184,250,40017,36135,878,3004
5709,94,0,228,-134,40111,36363,878,2870
5710,0,0,2,-2,40111,36365,878,2868
5711,0,0,10,-10,40111,36375,878,2858
5712,141,6,230,-95,40252,36605,884,2763
5713,127,10,146,-29,40379,36751,894,2734
5714,230,7,244,-21,40609,36995,901,2713
5715,295,5,358,-68,40904,37353,906,2645
5716,349,7,223,119,41253,37576,913,2764
5717,362,10,314,38,41615,37890,923,2802
5718,301,8,304,-11,41916,38194,931,2791
5719,381,9,181,191,42297,38375,940,2982
5720,154,1,194,-41,42451,38569,941,2941
5721,271,8,184,79,42722,38753,949,3020
5722,290,3,268,19,43012,39021,952,3039
5723,313,4,137,172,43325,39158,956,3211
5724,172,11,217,-56,43497,39375,967,3155
5725,361,10,401,-50,43858,39776,977,3105
5726,269,15,188,66,44127,39964,992,3171
5727,131,2,123,6,44258,40087,994,3177
5728,185,9,333,-157,44443,40420,1003,3020
5729,224,1,118,105,44667,40538,1004,3125
5730,177,6,280,-109,44844,40818,1010,3016
5731,306,3,184,119,45150,41002,1013,3135
5732,467,8,276,183,45617,41278,1021,3318
5733,388,4,240,144,46005,41518,1025,3462
5734,239,14,52,173,46244,41570,1039,3635
5735,141,9,229,-97,46385,41799,1048,3538
5736,259,7,168,84,46644,41967,1055,3622
5737,353,6,199,148,46997,42166,1061,3770
5738,278,10,366,-98,47275,42532,1071,3672
5739,232,3,221,8,47507,42753,1074,3680
5740,267,8,454,-195,47774,43207,1082,3485
5741,111,7,170,-66,47885,43377,1089,3419
5742,154,9,369,-224,48039,43746,1098,3195
5743,214,4,233,-23,48253,43979,1102,3172
5744,188,6,250,-68,48441,44229,1108,3104
5745,241,7,264,-30,48682,44493,1115,3074
5746,135,5,330,-200,48817,44823,1120,2874
5747,131,5,207,-81,48948,45030,1125,2793
5748,70,4,188,-122,49018,45218,1129,2671
5749,188,7,158,23,49206,45376,1136,2694
5750,294,7,181,106,49500,45557,1143,2800
5751,206,4,133,69,49706,45690,1147,2869
5752,322,4,178,140,50028,45868,1151,3009
5753,257,4,358,-105,50285,46226,1155,2904
5754,172,8,75,89,50457,46301,1163,2993
5755,89,10,99,-20,50546,46400,1173,2973
5756,188,7,182,-1,50734,46582,1180,2972
5757,452,7,206,239,51186,46788,1187,3211
5758,549,7,95,447,51735,46883,1194,3658
5759,455,7,355,93,52190,47238,1201,3751
5760,501,7,417,77,52691,47655,1208,3828
5761,435,8,129,298,53126,47784,1216,4126
5762,81,11,126,-56,53207,47910,1227,4070
5763,304,9,208,87,53511,48118,1236,4157
5764,676,3,109,564,54187,48227,1239,4721
5765,770,10,314,446,54957,48541,1249,5167
5766,718,11,274,433,55675,48815,1260,5600
5767,847,5,242,600,56522,49057,1265,6200
5768,344,19,286,39,56866,49343,1284,6239
5769,366,10,258,98,57232,49601,1294,6337
5770,489,11,274,204,57721,49875,1305,6541
5771,667,3,330,334,58388,50205,1308,6875
5772,678,5,354,319,59066,50559,1313,7194
5773,1006,8,340,658,60072,50899,1321,7852
5774,637,11,290,336,60709,51189,1332,8188
5775,642,4,317,321,61351,51506,1336,8509
5776,740,10,373,357,62091,51879,1346,8866
5777,524,7,251,266,62615,52130,1353,9132
5778,540,9,304,227,63155,52434,1362,9359
5779,617,3,350,264,63772,52784,1365,9623
5780,753,13,158,582,64525,52942,1378,10205
5781,431,11,335,85,64956,53277,1389,10290
5782,752,3,274,475,65708,53551,1392,10765
5783,614,16,440,158,66322,53991,1408,10923
5784,894,17,494,383,67216,54485,1425,11306
5785,863,22,614,227,68079,55099,1447,11533
5786,1036,22,696,318,69115,55795,1469,11851
5787,873,8,529,336,69988,56324,1477,12187
5788,886,21,439,426,70874,56763,1498,12613
5789,718,19,456,243,71592,57219,1517,12856
5790,982,12,410,560,72574,57629,1529,13416
5791,1157,16,653,488,73731,58282,1545,13904
5792,942,16,662,264,74673,58944,1561,14168
5793,856,33,490,333,75529,59434,1594,14501
5794,925,25,683,217,76454,60117,1619,14718
5795,831,17,784,30,77285,60901,1636,14748
5796,778,25,663,90,78063,61564,1661,14838
5797,390,13,780,-403,78453,62344,1674,14435
5798,501,24,1083,-606,78954,63427,1698,13829
5799,630,22,856,-248,79584,64283,1720,13581
5800,542,18,915,-391,80126,65198,1738,13190
5801,590,16,960,-386,80716,66158,1754,12804
5802,609,26,1300,-717,81325,67458,1780,12087
5803,562,16,1184,-638,81887,68642,1796,11449
5804,151,26,1019,-894,82038,69661,1822,10555
5805,268,7,747,-486,82306,70408,1829,10069
5806,432,12,657,-237,82738,71065,1841,9832
5807,1,2,0,-1,1,0,2,-1
5808,0,0,0,0,1,0,2,-1
5809,0,0,0,0,1,0,2,-1
5810,0,0,0,0,1,0,2,-1
5811,0,0,0,0,1,0,2,-1
5812,1,0,0,1,2,0,2,0
5813,0,0,0,0,2,0,2,0
5814,0,0,0,0,2,0,2,0
5815,3,0,0,3,5,0,2,3
5816,0,0,0,0,5,0,2,3
5817,6,0,0,6,11,0,2,9
5818,1,0,0,1,12,0,2,10
5819,0,0,1,-1,12,1,2,9
5820,4,0,0,4,16,1,2,13
5821,0,0,0,0,16,1,2,13
5822,0,0,0,0,16,1,2,13
5823,0,0,0,0,16,1,2,13
5824,1,0,0,1,17,1,2,14
5825,1,0,0,1,18,1,2,15
5826,0,0,0,0,18,1,2,15
5827,0,0,2,-2,18,3,2,13
5828,0,0,0,0,18,3,2,13
5829,1,0,0,1,19,3,2,14
5830,3,0,0,3,22,3,2,17
5831,18,0,0,18,40,3,2,35
5832,14,0,0,14,54,3,2,49
5833,30,1,0,29,84,3,3,78
5834,5,0,0,5,89,3,3,83
5835,0,0,0,0,89,3,3,83
5836,0,0,0,0,89,3,3,83
5837,0,0,0,0,89,3,3,83
5838,4,0,1,3,93,4,3,86
5839,13,0,2,11,106,6,3,97
5840,13,0,10,3,119,16,3,100
5841,10,0,0,10,129,16,3,110
5842,0,0,4,-4,129,20,3,106
5843,14,0,3,11,143,23,3,117
5844,1,0,0,1,144,23,3,118
5845,6,0,0,6,150,23,3,124
5846,6,0,5,1,156,28,3,125
5847,0,2,0,-2,156,28,5,123
5848,28,0,7,21,184,35,5,144
5849,0,1,7,-8,184,42,6,136
5850,15,0,4,11,199,46,6,147
5851,11,1,0,10,210,46,7,157
5852,17,2,2,13,227,48,9,170
5853,0,1,0,-1,227,48,10,169
5854,51,0,6,45,278,54,10,214
5855,0,3,9,-12,278,63,13,202
5856,0,0,0,0,278,63,13,202
5857,1,1,9,-9,279,72,14,193
5858,43,2,0,41,322,72,16,234
5859,117,1,0,116,439,72,17,350
5860,16,1,0,15,455,72,18,365
5861,0,0,0,0,455,72,18,365
5862,66,3,0,63,521,72,21,428
5863,16,2,4,10,537,76,23,438
5864,57,0,0,57,594,76,23,495
5865,50,2,1,47,644,77,25,542
5866,28,1,17,10,672,94,26,552
5867,19,1,5,13,691,99,27,565
5868,32,3,2,27,723,101,30,592
5869,11,0,10,1,734,111,30,593
5870,72,0,2,70,806,113,30,663
5871,58,0,0,58,864,113,30,721
5872,48,1,8,39,912,121,31,760
5873,27,0,14,13,939,135,31,773
5874,12,1,0,11,951,135,32,784
5875,11,4,66,-59,962,201,36,725
5876,19,0,11,8,981,212,36,733
5877,12,0,9,3,993,221,36,736
5878,26,0,2,24,1019,223,36,760
5879,10,0,22,-12,1029,245,36,748
5880,27,3,17,7,1056,262,39,755
5881,17,3,19,-5,1073,281,42,750
5882,28,1,14,13,1101,295,43,763
5883,25,0,48,-23,1126,343,43,740
5884,27,0,47,-20,1153,390,43,720
5885,30,1,11,18,1183,401,44,738
5886,40,3,48,-11,1223,449,47,727
5887,39,0,63,-24,1262,512,47,703
5888,34,5,31,-2,1296,543,52,701
5889,23,2,14,7,1319,557,54,708
5890,69,0,61,8,1388,618,54,716
5891,49,2,31,16,1437,649,56,732
5892,50,4,21,25,1487,670,60,757
5893,53,3,11,39,1540,681,63,796
5894,56,2,26,28,1596,707,65,824
5895,74,1,31,42,1670,738,66,866
5896,50,3,9,38,1720,747,69,904
5897,57,4,4,49,1777,751,73,953
5898,59,0,17,42,1836,768,73,995
5899,17,2,47,-32,1853,815,75,963
5900,13,3,14,-4,1866,829,78,959
5901,26,2,76,-52,1892,905,80,907
5902,14,1,15,-2,1906,920,81,905
5903,42,0,16,26,1948,936,81,931
5904,51,1,17,33,1999,953,82,964
5905,23,8,66,-51,2022,1019,90,913
5906,27,3,5,19,2049,1024,93,932
5907,29,8,17,4,2078,1041,101,936
5908,42,3,43,-4,2120,1084,104,932
5909,36,0,24,12,2156,1108,104,944
5910,49,1,11,37,2205,1119,105,981
5911,50,1,40,9,2255,1159,106,990
5912,71,6,22,43,2326,1181,112,1033
5913,30,1,28,1,2356,1209,113,1034
5914,63,0,10,53,2419,1219,113,1087
5915,56,6,4,46,2475,1223,119,1133
5916,93,2,15,76,2568,1238,121,1209
5917,36,3,4,29,2604,1242,124,1238
5918,49,1,34,14,2653,1276,125,1252
5919,50,4,30,16,2703,1306,129,1268
5920,51,4,19,28,2754,1325,133,1296
5921,30,0,14,16,2784,1339,133,1312
5922,45,3,21,21,2829,1360,136,1333
5923,70,2,27,41,2899,1387,138,1374
5924,67,1,4,62,2966,1391,139,1436
5925,46,1,17,28,3012,1408,140,1464
5926,42,2,1,39,3054,1409,142,1503
5927,58,2,9,47,3112,1418,144,1550
5928,37,0,53,-16,3149,1471,144,1534
5929,16,5,54,-43,3165,1525,149,1491
5930,46,0,55,-9,3211,1580,149,1482
5931,17,4,29,-16,3228,1609,153,1466
5932,23,1,35,-13,3251,1644,154,1453
5933,24,1,35,-12,3275,1679,155,1441
5934,21,0,14,7,3296,1693,155,1448
5935,34,7,20,7,3330,1713,162,1455
5936,57,0,42,15,3387,1755,162,1470
5937,30,1,38,-9,3417,1793,163,1461
5938,10,0,32,-22,3427,1825,163,1439
5939,17,2,31,-16,3444,1856,165,1423
5940,11,4,7,0,3455,1863,169,1423
5941,35,0,26,9,3490,1889,169,1432
5942,62,6,25,31,3552,1914,175,1463
5943,50,4,94,-48,3602,2008,179,1415
5944,21,4,89,-72,3623,2097,183,1343
5945,52,2,71,-21,3675,2168,185,1322
5946,19,11,64,-56,3694,2232,196,1266
5947,19,3,79,-63,3713,2311,199,1203
5948,22,2,60,-40,3735,2371,201,1163
5949,43,2,1,40,3778,2372,203,1203
5950,27,0,43,-16,3805,2415,203,1187
5951,39,2,112,-75,3844,2527,205,1112
5952,36,1,36,-1,3880,2563,206,1111
5953,29,0,35,-6,3909,2598,206,1105
5954,1,0,28,-27,3910,2626,206,1078
5955,9,1,15,-7,3919,2641,207,1071
5956,45,6,38,1,3964,2679,213,1072
5957,24,3,13,8,3988,2692,216,1080
5958,49,2,50,-3,4037,2742,218,1077
5959,54,5,19,30,4091,2761,223,1107
5960,34,4,60,-30,4125,2821,227,1077
5961,32,1,85,-54,4157,2906,228,1023
5962,45,3,34,8,4202,2940,231,1031
5963,21,2,17,2,4223,2957,233,1033
5964,25,3,59,-37,4248,3016,236,996
5965,57,3,39,15,4305,3055,239,1011
5966,56,11,61,-16,4361,3116,250,995
5967,40,0,16,24,4401,3132,250,1019
5968,53,2,26,25,4454,3158,252,1044
5969,32,2,65,-35,4486,3223,254,1009
5970,34,6,23,5,4520,3246,260,1014
5971,63,2,37,24,4583,3283,262,1038
5972,35,4,36,-5,4618,3319,266,1033
5973,42,9,13,20,4660,3332,275,1053
5974,15,3,48,-36,4675,3380,278,1017
5975,70,3,30,37,4745,3410,281,1054
5976,41,2,32,7,4786,3442,283,1061
5977,38,5,27,6,4824,3469,288,1067
5978,66,5,19,42,4890,3488,293,1109
5979,55,1,67,-13,4945,3555,294,1096
5980,73,3,48,22,5018,3603,297,1118
5981,33,3,48,-18,5051,3651,300,1100
5982,27,5,101,-79,5078,3752,305,1021
5983,40,4,50,-14,5118,3802,309,1007
5984,57,4,42,11,5175,3844,313,1018
5985,58,3,18,37,5233,3862,316,1055
5986,60,4,28,28,5293,3890,320,1083
5987,38,2,35,1,5331,3925,322,1084
5988,71,1,14,56,5402,3939,323,1140
5989,47,1,57,-11,5449,3996,324,1129
5990,48,1,57,-10,5497,4053,325,1119
5991,110,5,14,91,5607,4067,330,1210
5992,83,1,33,49,5690,4100,331,1259
5993,44,5,39,0,5734,4139,336,1259
5994,60,1,21,38,5794,4160,337,1297
5995,82,3,42,37,5876,4202,340,1334
5996,51,2,51,-2,5927,4253,342,1332
5997,58,0,25,33,5985,4278,342,1365
5998,110,6,86,18,6095,4364,348,1383
5999,40,3,65,-28,6135,4429,351,1355
6000,72,3,86,-17,6207,4515,354,1338
6001,70,0,93,-23,6277,4608,354,1315
6002,46,2,65,-21,6323,4673,356,1294
6003,23,1,75,-53,6346,4748,357,1241
6004,71,5,4,62,6417,4752,362,1303
6005,114,2,44,68,6531,4796,364,1371
6006,83,3,151,-71,6614,4947,367,1300
6007,63,3,66,-6,6677,5013,370,1294
6008,66,1,73,-8,6743,5086,371,1286
6009,33,0,41,-8,6776,5127,371,1278
6010,45,4,53,-12,6821,5180,375,1266
6011,66,3,17,46,6887,5197,378,1312
6012,60,6,57,-3,6947,5254,384,1309
6013,58,3,26,29,7005,5280,387,1338
6014,53,0,65,-12,7058,5345,387,1326
6015,46,0,47,-1,7104,5392,387,1325
6016,39,4,56,-21,7143,5448,391,1304
6017,39,2,7,30,7182,5455,393,1334
6018,47,2,48,-3,7229,5503,395,1331
6019,99,3,32,64,7328,5535,398,1395
6020,34,1,80,-47,7362,5615,399,1348
6021,73,8,62,3,7435,5677,407,1351
6022,65,1,40,24,7500,5717,408,1375
6023,22,0,182,-160,7522,5899,408,1215
6024,16,2,131,-117,7538,6030,410,1098
6025,43,1,60,-18,7581,6090,411,1080
6026,86,0,38,48,7667,6128,411,1128
6027,77,2,138,-63,7744,6266,413,1065
6028,43,0,32,11,7787,6298,413,1076
6029,62,1,36,25,7849,6334,414,1101
6030,54,10,66,-22,7903,6400,424,1079
6031,18,5,9,4,7921,6409,429,1083
6032,31,6,82,-57,7952,6491,435,1026
6033,70,5,47,18,8022,6538,440,1044
6034,68,3,90,-25,8090,6628,443,1019
6035,94,1,44,49,8184,6672,444,1068
6036,83,2,4,77,8267,6676,446,1145
6037,42,3,98,-59,8309,6774,449,1086
6038,26,3,27,-4,8335,6801,452,1082
6039,51,1,38,12,8386,6839,453,1094
6040,76,5,85,-14,8462,6924,458,1080
6041,72,4,52,16,8534,6976,462,1096
6042,68,2,12,54,8602,6988,464,1150
6043,64,2,38,24,8666,7026,466,1174
6044,44,0,34,10,8710,7060,466,1184
6045,45,1,99,-55,8755,7159,467,1129
6046,50,0,31,19,8805,7190,467,1148
6047,50,2,21,27,8855,7211,469,1175
6048,44,13,41,-10,8899,7252,482,1165
6049,71,2,24,45,8970,7276,484,1210
6050,53,1,1,51,9023,7277,485,1261
6051,57,1,23,33,9080,7300,486,1294
6052,33,1,20,12,9113,7320,487,1306
6053,47,4,67,-24,9160,7387,491,1282
6054,59,0,48,11,9219,7435,491,1293
6055,81,3,36,42,9300,7471,494,1335
6056,49,3,46,0,9349,7517,497,1335
6057,38,3,46,-11,9387,7563,500,1324
6058,41,2,47,-8,9428,7610,502,1316
6059,35,5,48,-18,9463,7658,507,1298
6060,67,6,93,-32,9530,7751,513,1266
6061,51,3,26,22,9581,7777,516,1288
6062,77,3,76,-2,9658,7853,519,1286
6063,88,7,119,-38,9746,7972,526,1248
6064,58,4,51,3,9804,8023,530,1251
6065,52,8,54,-10,9856,8077,538,1241
6066,63,3,54,6,9919,8131,541,1247
6067,68,0,78,-10,9987,8209,541,1237
6068,40,1,119,-80,10027,8328,542,1157
6069,58,2,50,6,10085,8378,544,1163
6070,65,4,66,-5,10150,8444,548,1158
6071,76,5,48,23,10226,8492,553,1181
6072,61,3,28,30,10287,8520,556,1211
6073,48,3,14,31,10335,8534,559,1242
6074,73,1,57,15,10408,8591,560,1257
6075,64,5,28,31,10472,8619,565,1288
6076,79,0,15,64,10551,8634,565,1352
6077,123,1,35,87,10674,8669,566,1439
6078,89,3,43,43,10763,8712,569,1482
6079,84,5,33,46,10847,8745,574,1528
6080,66,2,36,28,10913,8781,576,1556
6081,94,2,31,61,11007,8812,578,1617
6082,109,3,136,-30,11116,8948,581,1587
6083,81,3,52,26,11197,9000,584,1613
6084,89,6,31,52,11286,9031,590,1665
6085,81,1,66,14,11367,9097,591,1679
6086,95,3,69,23,11462,9166,594,1702
6087,78,1,9,68,11540,9175,595,1770
6088,84,1,88,-5,11624,9263,596,1765
6089,110,2,48,60,11734,9311,598,1825
6090,92,1,50,41,11826,9361,599,1866
6091,74,5,57,12,11900,9418,604,1878
6092,45,1,97,-53,11945,9515,605,1825
6093,53,0,81,-28,11998,9596,605,1797
6094,54,0,68,-14,12052,9664,605,1783
6095,66,2,56,8,12118,9720,607,1791
6096,99,3,99,-3,12217,9819,610,1788
6097,63,3,85,-25,12280,9904,613,1763
6098,102,0,40,62,12382,9944,613,1825
6099,89,1,78,10,12471,10022,614,1835
6100,51,5,66,-20,12522,10088,619,1815
6101,48,2,57,-11,12570,10145,621,1804
6102,74,1,46,27,12644,10191,622,1831
6103,80,2,76,2,12724,10267,624,1833
6104,98,1,38,59,12822,10305,625,1892
6105,92,4,60,28,12914,10365,629,1920
6106,78,4,83,-9,12992,10448,633,1911
6107,76,5,57,14,13068,10505,638,1925
6108,54,5,60,-11,13122,10565,643,1914
6109,104,3,87,14,13226,10652,646,1928
6110,110,1,127,-18,13336,10779,647,1910
6111,101,6,49,46,13437,10828,653,1956
6112,71,1,27,43,13508,10855,654,1999
6113,91,2,43,46,13599,10898,656,2045
6114,89,1,32,56,13688,10930,657,2101
6115,89,4,27,58,13777,10957,661,2159
6116,134,5,101,28,13911,11058,666,2187
6117,87,6,89,-8,13998,11147,672,2179
6118,82,3,55,24,14080,11202,675,2203
6119,86,0,72,14,14166,11274,675,2217
6120,64,2,104,-42,14230,11378,677,2175
6121,80,3,68,9,14310,11446,680,2184
6122,66,1,78,-13,14376,11524,681,2171
6123,62,3,89,-30,14438,11613,684,2141
6124,60,4,149,-93,14498,11762,688,2048
6125,29,1,54,-26,14527,11816,689,2022
6126,68,2,91,-25,14595,11907,691,1997
6127,58,0,67,-9,14653,11974,691,1988
6128,71,4,82,-15,14724,12056,695,1973
6129,71,2,27,42,14795,12083,697,2015
6130,62,9,135,-82,14857,12218,706,1933
6131,74,1,99,-26,14931,12317,707,1907
6132,40,4,91,-55,14971,12408,711,1852
6133,56,2,58,-4,15027,12466,713,1848
6134,57,2,80,-25,15084,12546,715,1823
6135,66,6,120,-60,15150,12666,721,1763
6136,51,1,102,-52,15201,12768,722,1711
6137,52,0,17,35,15253,12785,722,1746
6138,55,0,18,37,15308,12803,722,1783
6139,44,2,55,-13,15352,12858,724,1770
6140,50,0,41,9,15402,12899,724,1779
6141,88,0,55,33,15490,12954,724,1812
6142,52,4,40,8,15542,12994,728,1820
6143,45,4,125,-84,15587,13119,732,1736
6144,60,4,159,-103,15647,13278,736,1633
6145,57,3,23,31,15704,13301,739,1664
6146,75,2,44,29,15779,13345,741,1693
6147,39,3,64,-28,15818,13409,744,1665
6148,60,1,120,-61,15878,13529,745,1604
6149,36,6,154,-124,15914,13683,751,1480
6150,56,4,111,-59,15970,13794,755,1421
6151,44,0,38,6,16014,13832,755,1427
6152,50,0,73,-23,16064,13905,755,1404
6153,43,3,63,-23,16107,13968,758,1381
6154,63,1,46,16,16170,14014,759,1397
6155,58,0,98,-40,16228,14112,759,1357
6156,65,1,3,61,16293,14115,760,1418
6157,65,1,78,-14,16358,14193,761,1404
6158,32,2,48,-18,16390,14241,763,1386
6159,63,7,86,-30,16453,14327,770,1356
6160,37,3,35,-1,16490,14362,773,1355
6161,33,4,31,-2,16523,14393,777,1353
6162,43,3,41,-1,16566,14434,780,1352
6163,20,1,34,-15,16586,14468,781,1337
6164,57,0,40,17,16643,14508,781,1354
6165,55,4,28,23,16698,14536,785,1377
6166,45,7,57,-19,16743,14593,792,1358
6167,39,2,37,0,16782,14630,794,1358
6168,40,1,36,3,16822,14666,795,1361
6169,52,1,32,19,16874,14698,796,1380
6170,54,2,49,3,16928,14747,798,1383
6171,45,2,260,-217,16973,15007,800,1166
6172,27,2,88,-63,17000,15095,802,1103
6173,51,3,59,-11,17051,15154,805,1092
6174,118,2,131,-15,17169,15285,807,1077
6175,89,17,26,46,17258,15311,824,1123
6176,84,2,16,66,17342,15327,826,1189
6177,101,5,83,13,17443,15410,831,1202
6178,91,1,70,20,17534,15480,832,1222
6179,91,2,65,24,17625,15545,834,1246
6180,102,2,41,59,17727,15586,836,1305
6181,133,5,27,101,17860,15613,841,1406
6182,75,4,33,38,17935,15646,845,1444
6183,39,1,12,26,17974,15658,846,1470
6184,41,0,55,-14,18015,15713,846,1456
6185,54,3,50,1,18069,15763,849,1457
6186,49,4,57,-12,18118,15820,853,1445
6187,70,3,60,7,18188,15880,856,1452
6188,90,6,132,-48,18278,16012,862,1404
6189,79,3,118,-42,18357,16130,865,1362
6190,94,12,99,-17,18451,16229,877,1345
6191,52,0,93,-41,18503,16322,877,1304
6192,63,5,125,-67,18566,16447,882,1237
6193,60,5,121,-66,18626,16568,887,1171
6194,78,5,87,-14,18704,16655,892,1157
6195,63,6,128,-71,18767,16783,898,1086
6196,77,1,68,8,18844,16851,899,1094
6197,126,5,97,24,18970,16948,904,1118
6198,101,2,64,35,19071,17012,906,1153
6199,111,9,95,7,19182,17107,915,1160
6200,93,15,59,19,19275,17166,930,1179
6201,112,3,90,19,19387,17256,933,1198
6202,119,6,80,33,19506,17336,939,1231
6203,101,7,52,42,19607,17388,946,1273
6204,125,3,93,29,19732,17481,949,1302
6205,144,11,116,17,19876,17597,960,1319
6206,99,9,68,22,19975,17665,969,1341
6207,93,10,49,34,20068,17714,979,1375
6208,137,2,97,38,20205,17811,981,1413
6209,117,7,124,-14,20322,17935,988,1399
6210,126,4,77,45,20448,18012,992,1444
6211,147,5,74,68,20595,18086,997,1512
6212,130,8,44,78,20725,18130,1005,1590
6213,113,9,252,-148,20838,18382,1014,1442
6214,111,10,166,-65,20949,18548,1024,1377
6215,129,10,51,68,21078,18599,1034,1445
6216,130,7,127,-4,21208,18726,1041,1441
6217,142,4,112,26,21350,18838,1045,1467
6218,150,13,298,-161,21500,19136,1058,1306
6219,140,5,126,9,21640,19262,1063,1315
6220,131,7,149,-25,21771,19411,1070,1290
6221,100,8,122,-30,21871,19533,1078,1260
6222,126,5,75,46,21997,19608,1083,1306
6223,99,1,37,61,22096,19645,1084,1367
6224,67,6,47,14,22163,19692,1090,1381
6225,74,4,33,37,22237,19725,1094,1418
6226,77,9,224,-156,22314,19949,1103,1262
6227,106,5,220,-119,22420,20169,1108,1143
6228,68,11,188,-131,22488,20357,1119,1012
6229,75,13,115,-53,22563,20472,1132,959
6230,95,15,123,-43,22658,20595,1147,916
6231,120,6,63,51,22778,20658,1153,967
6232,204,5,112,87,22982,20770,1158,1054
6233,194,11,81,102,23176,20851,1169,1156
6234,130,9,93,28,23306,20944,1178,1184
6235,129,10,97,22,23435,21041,1188,1206
6236,159,6,46,107,23594,21087,1194,1313
6237,157,7,103,47,23751,21190,1201,1360
6238,152,1,79,72,23903,21269,1202,1432
6239,165,10,263,-108,24068,21532,1212,1324
6240,122,7,93,22,24190,21625,1219,1346
6241,142,5,95,42,24332,21720,1224,1388
6242,150,4,124,22,24482,21844,1228,1410
6243,129,7,87,35,24611,21931,1235,1445
6244,161,11,106,44,24772,22037,1246,1489
6245,156,11,204,-59,24928,22241,1257,1430
6246,158,3,136,19,25086,22377,1260,1449
6247,127,10,89,28,25213,22466,1270,1477
6248,126,10,186,-70,25339,22652,1280,1407
6249,122,4,146,-28,25461,22798,1284,1379
6250,152,11,125,16,25613,22923,1295,1395
6251,154,9,100,45,25767,23023,1304,1440
6252,128,10,89,29,25895,23112,1314,1469
6253,184,6,104,74,26079,23216,1320,1543
6254,144,11,86,47,26223,23302,1331,1590
6255,88,10,289,-211,26311,23591,1341,1379
6256,152,7,95,50,26463,23686,1348,1429
6257,138,6,163,-31,26601,23849,1354,1398
6258,121,5,88,28,26722,23937,1359,1426
6259,135,4,146,-15,26857,24083,1363,1411
6260,119,3,210,-94,26976,24293,1366,1317
6261,143,6,184,-47,27119,24477,1372,1270
6262,111,6,83,22,27230,24560,1378,1292
6263,151,7,95,49,27381,24655,1385,1341
6264,115,1,68,46,27496,24723,1386,1387
6265,144,7,84,53,27640,24807,1393,1440
6266,202,15,147,40,27842,24954,1408,1480
6267,173,9,109,55,28015,25063,1417,1535
6268,162,5,107,50,28177,25170,1422,1585
6269,199,9,246,-56,28376,25416,1431,1529
6270,164,7,141,16,28540,25557,1438,1545
6271,223,3,63,157,28763,25620,1441,1702
6272,229,17,86,126,28992,25706,1458,1828
6273,243,9,110,124,29235,25816,1467,1952
6274,246,7,136,103,29481,25952,1474,2055
6275,244,14,317,-87,29725,26269,1488,1968
6276,172,8,132,32,29897,26401,1496,2000
6277,255,9,133,113,30152,26534,1505,2113
6278,358,16,139,203,30510,26673,1521,2316
6279,296,16,167,113,30806,26840,1537,2429
6280,341,6,221,114,31147,27061,1543,2543
6281,423,38,234,151,31570,27295,1581,2694
6282,388,12,239,137,31958,27534,1593,2831
6283,472,17,311,144,32430,27845,1610,2975
6284,778,8,170,600,33208,28015,1618,3575
6285,759,10,200,549,33967,28215,1628,4124
6286,963,11,262,690,34930,28477,1639,4814
6287,689,16,258,415,35619,28735,1655,5229
6288,771,22,406,343,36390,29141,1677,5572
6289,556,21,294,241,36946,29435,1698,5813
6290,376,41,290,45,37322,29725,1739,5858
6291,596,5,211,380,37918,29936,1744,6238
6292,450,12,205,233,38368,30141,1756,6471
6293,806,11,201,594,39174,30342,1767,7065
6294,841,27,405,409,40015,30747,1794,7474
6295,815,30,410,375,40830,31157,1824,7849
6296,388,22,483,-117,41218,31640,1846,7732
6297,366,20,325,21,41584,31965,1866,7753
6298,1020,22,431,567,42604,32396,1888,8320
6299,1249,37,493,719,43853,32889,1925,9039
6300,1278,46,505,727,45131,33394,1971,9766
6301,1002,36,518,448,46133,33912,2007,10214
6302,893,49,568,276,47026,34480,2056,10490
6303,547,44,801,-298,47573,35281,2100,10192
6304,184,35,332,-183,47757,35613,2135,10009
6305,724,25,494,205,48481,36107,2160,10214
6306,695,41,499,155,49176,36606,2201,10369
6307,786,43,609,134,49962,37215,2244,10503
6308,897,64,701,132,50859,37916,2308,10635
6309,613,48,626,-61,51472,38542,2356,10574
6310,394,31,579,-216,51866,39121,2387,10358
6311,203,35,960,-792,52069,40081,2422,9566
6312,610,27,564,19,52679,40645,2449,9585
6313,551,31,734,-214,53230,41379,2480,9371
6314,273,23,751,-501,53503,42130,2503,8870
6315,703,20,587,96,54206,42717,2523,8966
6316,405,31,879,-505,54611,43596,2554,8461
6317,210,24,564,-378,54821,44160,2578,8083
6318,237,25,497,-285,55058,44657,2603,7798
6319,370,29,673,-332,55428,45330,2632,7466
6320,117,25,439,-347,55545,45769,2657,7119
6321,2,0,0,2,2,0,0,2
6322,0,0,0,0,2,0,0,2
6323,1,0,0,1,3,0,0,3
6324,0,0,0,0,3,0,0,3
6325,0,0,0,0,3,0,0,3
6326,4,0,2,2,7,2,0,5
6327,0,0,0,0,7,2,0,5
6328,0,0,0,0,7,2,0,5
6329,2,0,0,2,9,2,0,7
6330,1,0,2,-1,10,4,0,6
6331,0,0,0,0,10,4,0,6
6332,9,0,0,9,19,4,0,15
6333,1,0,2,-1,20,6,0,14
6334,0,1,0,-1,20,6,1,13
6335,0,0,0,0,20,6,1,13
6336,4,0,1,3,24,7,1,16
6337,0,0,0,0,24,7,1,16
6338,0,0,0,0,24,7,1,16
6339,1,0,1,0,25,8,1,16
6340,0,1,0,-1,25,8,2,15
6341,8,0,0,8,33,8,2,23
6342,1,0,0,1,34,8,2,24
6343,1,0,0,1,35,8,2,25
6344,6,1,0,5,41,8,3,30
6345,5,0,0,5,46,8,3,35
6346,14,1,1,12,60,9,4,47
6347,7,1,0,6,67,9,5,53
6348,15,0,0,15,82,9,5,68
6349,1,0,0,1,83,9,5,69
6350,11,0,0,11,94,9,5,80
6351,6,0,0,6,100,9,5,86
6352,4,0,1,3,104,10,5,89
6353,8,0,0,8,112,10,5,97
6354,9,1,2,6,121,12,6,103
6355,6,0,0,6,127,12,6,109
6356,18,0,1,17,145,13,6,126
6357,11,1,2,8,156,15,7,134
6358,1,0,0,1,157,15,7,135
6359,0,0,0,0,157,15,7,135
6360,23,0,1,22,180,16,7,157
6361,1,2,0,-1,181,16,9,156
6362,5,0,13,-8,186,29,9,148
6363,2,1,0,1,188,29,10,149
6364,0,0,1,-1,188,30,10,148
6365,1,0,0,1,189,30,10,149
6366,4,0,0,4,193,30,10,153
6367,7,0,0,7,200,30,10,160
6368,4,0,1,3,204,31,10,163
6369,16,0,1,15,220,32,10,178
6370,3,0,10,-7,223,42,10,171
6371,4,0,7,-3,227,49,10,168
6372,0,0,0,0,227,49,10,168
6373,0,0,0,0,227,49,10,168
6374,0,0,0,0,227,49,10,168
6375,5,0,0,5,232,49,10,173
6376,9,0,18,-9,241,67,10,164
6377,13,0,10,3,254,77,10,167
6378,35,4,15,16,289,92,14,183
6379,2,0,0,2,291,92,14,185
6380,15,0,0,15,306,92,14,200
6381,2,2,21,-21,308,113,16,179
6382,12,0,0,12,320,113,16,191
6383,8,0,0,8,328,113,16,199
6384,6,0,0,6,334,113,16,205
6385,29,0,7,22,363,120,16,227
6386,31,2,6,23,394,126,18,250
6387,12,0,0,12,406,126,18,262
6388,9,0,1,8,415,127,18,270
6389,9,1,17,-9,424,144,19,261
6390,28,4,7,17,452,151,23,278
6391,13,0,0,13,465,151,23,291
6392,15,2,0,13,480,151,25,304
6393,15,0,0,15,495,151,25,319
6394,1,0,10,-9,496,161,25,310
6395,8,2,2,4,504,163,27,314
6396,18,0,0,18,522,163,27,332
6397,15,1,11,3,537,174,28,335
6398,15,0,0,15,552,174,28,350
6399,13,0,4,9,565,178,28,359
6400,21,1,1,19,586,179,29,378
6401,0,3,17,-20,586,196,32,358
6402,45,4,2,39,631,198,36,397
6403,26,0,10,16,657,208,36,413
6404,45,1,1,43,702,209,37,456
6405,36,6,39,-9,738,248,43,447
6406,0,0,0,0,738,248,43,447
6407,26,2,10,14,764,258,45,461
6408,0,0,0,0,764,258,45,461
6409,21,3,7,11,785,265,48,472
6410,11,1,7,3,796,272,49,475
6411,4,0,0,4,800,272,49,479
6412,10,0,0,10,810,272,49,489
6413,7,2,29,-24,817,301,51,465
6414,5,1,0,4,822,301,52,469
6415,12,0,0,12,834,301,52,481
6416,47,0,50,-3,881,351,52,478
6417,13,2,1,10,894,352,54,488
6418,37,0,0,37,931,352,54,525
6419,15,0,0,15,946,352,54,540
6420,50,4,45,1,996,397,58,541
6421,8,2,26,-20,1004,423,60,521
6422,28,0,4,24,1032,427,60,545
6423,8,1,1,6,1040,428,61,551
6424,18,0,19,-1,1058,447,61,550
6425,15,0,6,9,1073,453,61,559
6426,23,3,22,-2,1096,475,64,557
6427,35,0,1,34,1131,476,64,591
6428,26,1,28,-3,1157,504,65,588
6429,39,5,12,22,1196,516,70,610
6430,26,0,3,23,1222,519,70,633
6431,32,1,42,-11,1254,561,71,622
6432,0,0,21,-21,1254,582,71,601
6433,12,1,33,-22,1266,615,72,579
6434,58,2,30,26,1324,645,74,605
6435,0,2,6,-8,1324,651,76,597
6436,74,2,74,-2,1398,725,78,595
6437,0,0,0,0,1398,725,78,595
6438,14,0,30,-16,1412,755,78,579
6439,36,1,150,-115,1448,905,79,464
6440,27,0,25,2,1475,930,79,466
6441,45,0,29,16,1520,959,79,482
6442,67,6,68,-7,1587,1027,85,475
6443,45,0,31,14,1632,1058,85,489
6444,21,1,34,-14,1653,1092,86,475
6445,24,0,24,0,1677,1116,86,475
6446,0,0,1,-1,1677,1117,86,474
6447,24,0,1,23,1701,1118,86,497
6448,28,3,34,-9,1729,1152,89,488
6449,31,0,17,14,1760,1169,89,502
6450,17,0,12,5,1777,1181,89,507
6451,14,0,30,-16,1791,1211,89,491
6452,53,0,31,22,1844,1242,89,513
6453,5,0,27,-22,1849,1269,89,491
6454,25,4,7,14,1874,1276,93,505
6455,37,1,25,11,1911,1301,94,516
6456,66,0,40,26,1977,1341,94,542
6457,30,0,37,-7,2007,1378,94,535
6458,43,0,34,9,2050,1412,94,544
6459,31,1,10,20,2081,1422,95,564
6460,6,0,30,-24,2087,1452,95,540
6461,44,2,71,-29,2131,1523,97,511
6462,20,1,22,-3,2151,1545,98,508
6463,37,0,30,7,2188,1575,98,515
6464,0,0,0,0,2188,1575,98,515
6465,27,0,30,-3,2215,1605,98,512
6466,43,2,71,-30,2258,1676,100,482
6467,0,0,0,0,2258,1676,100,482
6468,33,0,12,21,2291,1688,100,503
6469,23,1,20,2,2314,1708,101,505
6470,34,1,25,8,2348,1733,102,513
6471,62,0,38,24,2410,1771,102,537
6472,17,0,10,7,2427,1781,102,544
6473,11,1,32,-22,2438,1813,103,522
6474,8,0,30,-22,2446,1843,103,500
6475,18,1,24,-7,2464,1867,104,493
6476,0,0,0,0,2464,1867,104,493
6477,18,1,40,-23,2482,1907,105,470
6478,25,1,35,-11,2507,1942,106,459
6479,41,0,22,19,2548,1964,106,478
6480,37,0,20,17,2585,1984,106,495
6481,0,0,0,0,2585,1984,106,495
6482,51,1,85,-35,2636,2069,107,460
6483,53,1,90,-38,2689,2159,108,422
6484,0,0,0,0,2689,2159,108,422
6485,51,1,0,50,2740,2159,109,472
6486,67,2,0,65,2807,2159,111,537
6487,0,0,0,0,2807,2159,111,537
6488,44,1,15,28,2851,2174,112,565
6489,36,1,30,5,2887,2204,113,570
6490,33,0,10,23,2920,2214,113,593
6491,46,1,15,30,2966,2229,114,623
6492,36,1,6,29,3002,2235,115,652
6493,0,0,0,0,3002,2235,115,652
6494,57,1,18,38,3059,2253,116,690
6495,64,3,120,-59,3123,2373,119,631
6496,0,0,0,0,3123,2373,119,631
6497,55,2,78,-25,3178,2451,121,606
6498,50,4,30,16,3228,2481,125,622
6499,44,1,13,30,3272,2494,126,652
6500,28,2,22,4,3300,2516,128,656
6501,0,0,0,0,3300,2516,128,656
6502,92,0,38,54,3392,2554,128,710
6503,39,0,18,21,3431,2572,128,731
6504,43,0,30,13,3474,2602,128,744
6505,0,0,0,0,3474,2602,128,744
6506,11,0,26,-15,3485,2628,128,729
6507,64,1,30,33,3549,2658,129,762
6508,85,0,4,81,3634,2662,129,843
6509,11,2,120,-111,3645,2782,131,732
6510,46,0,15,31,3691,2797,131,763
6511,29,0,33,-4,3720,2830,131,759
6512,38,0,82,-44,3758,2912,131,715
6513,18,1,30,-13,3776,2942,132,702
6514,28,0,38,-10,3804,2980,132,692
6515,14,3,42,-31,3818,3022,135,661
6516,37,1,36,0,3855,3058,136,661
6517,11,1,50,-40,3866,3108,137,621
6518,24,0,8,16,3890,3116,137,637
6519,17,2,18,-3,3907,3134,139,634
6520,34,0,27,7,3941,3161,139,641
6521,26,0,38,-12,3967,3199,139,629
6522,11,1,70,-60,3978,3269,140,569
6523,9,2,31,-24,3987,3300,142,545
6524,27,0,33,-6,4014,3333,142,539
6525,31,1,39,-9,4045,3372,143,530
6526,36,0,32,4,4081,3404,143,534
6527,0,0,0,0,4081,3404,143,534
6528,41,0,46,-5,4122,3450,143,529
6529,27,0,77,-50,4149,3527,143,479
6530,13,0,17,-4,4162,3544,143,475
6531,0,0,0,0,4162,3544,143,475
6532,51,2,55,-6,4213,3599,145,469
6533,20,1,52,-33,4233,3651,146,436
6534,18,0,26,-8,4251,3677,146,428
6535,23,3,34,-14,4274,3711,149,414
6536,10,0,32,-22,4284,3743,149,392
6537,4,0,17,-13,4288,3760,149,379
6538,40,0,27,13,4328,3787,149,392
6539,11,0,36,-25,4339,3823,149,367
6540,5,0,25,-20,4344,3848,149,347
6541,0,0,0,0,4344,3848,149,347
6542,37,2,25,10,4381,3873,151,357
6543,17,1,20,-4,4398,3893,152,353
6544,20,2,16,2,4418,3909,154,355
6545,50,1,18,31,4468,3927,155,386
6546,49,3,30,16,4517,3957,158,402
6547,42,1,10,31,4559,3967,159,433
6548,53,0,6,47,4612,3973,159,480
6549,35,1,19,15,4647,3992,160,495
6550,20,2,25,-7,4667,4017,162,488
6551,45,0,11,34,4712,4028,162,522
6552,89,1,25,63,4801,4053,163,585
6553,89,2,42,45,4890,4095,165,630
6554,36,1,20,15,4926,4115,166,645
6555,50,0,16,34,4976,4131,166,679
6556,0,0,0,0,4976,4131,166,679
6557,65,2,58,5,5041,4189,168,684
6558,45,1,26,18,5086,4215,169,702
6559,20,5,29,-14,5106,4244,174,688
6560,65,1,21,43,5171,4265,175,731
6561,58,1,42,15,5229,4307,176,746
6562,131,3,31,97,5360,4338,179,843
6563,85,3,35,47,5445,4373,182,890
6564,51,0,30,21,5496,4403,182,911
6565,58,0,40,18,5554,4443,182,929
6566,49,3,49,-3,5603,4492,185,926
6567,86,4,57,25,5689,4549,189,951
6568,86,2,46,38,5775,4595,191,989
6569,157,1,47,109,5932,4642,192,1098
6570,0,0,0,0,5932,4642,192,1098
6571,190,0,0,190,6122,4642,192,1288
6572,82,0,0,82,6204,4642,192,1370
6573,157,0,0,157,6361,4642,192,1527
6574,0,0,0,0,6361,4642,192,1527
6575,260,0,100,160,6621,4742,192,1687
6576,0,0,0,0,6621,4742,192,1687
6577,209,0,0,209,6830,4742,192,1896
6578,194,0,0,194,7024,4742,192,2090
6579,229,0,100,129,7253,4842,192,2219
6580,205,0,0,205,7458,4842,192,2424
6581,216,0,0,216,7674,4842,192,2640
6582,116,0,0,116,7790,4842,192,2756
6583,150,2,0,148,7940,4842,194,2904
6584,73,0,0,73,8013,4842,194,2977
6585,106,0,0,106,8119,4842,194,3083
6586,0,0,0,0,8119,4842,194,3083
6587,95,0,100,-5,8214,4942,194,3078
6588,112,1,0,111,8326,4942,195,3189
6589,154,2,3,149,8480,4945,197,3338
6590,137,0,300,-163,8617,5245,197,3175
6591,296,0,0,296,8913,5245,197,3471
6592,142,0,100,42,9055,5345,197,3513
6593,101,0,0,101,9156,5345,197,3614
6594,90,0,0,90,9246,5345,197,3704
6595,88,0,0,88,9334,5345,197,3792
6596,80,0,0,80,9414,5345,197,3872
6597,85,0,398,-313,9499,5743,197,3559
6598,43,0,0,43,9542,5743,197,3602
6599,74,0,0,74,9616,5743,197,3676
6600,56,1,113,-58,9672,5856,198,3618
6601,68,0,600,-532,9740,6456,198,3086
6602,95,0,200,-105,9835,6656,198,2981
6603,59,0,100,-41,9894,6756,198,2940
6604,64,0,200,-136,9958,6956,198,2804
6605,24,0,214,-190,9982,7170,198,2614
6606,60,0,3,57,10042,7173,198,2671
6607,66,0,203,-137,10108,7376,198,2534
6608,76,0,305,-229,10184,7681,198,2305
6609,114,0,123,-9,10298,7804,198,2296
6610,54,0,100,-46,10352,7904,198,2250
6611,94,1,200,-107,10446,8104,199,2143
6612,60,1,107,-48,10506,8211,200,2095
6613,68,0,301,-233,10574,8512,200,1862
6614,74,0,102,-28,10648,8614,200,1834
6615,71,0,0,71,10719,8614,200,1905
6616,84,0,200,-116,10803,8814,200,1789
6617,97,0,199,-102,10900,9013,200,1687
6618,95,1,0,94,10995,9013,201,1781
6619,40,0,98,-58,11035,9111,201,1723
6620,65,0,200,-135,11100,9311,201,1588
6621,62,1,0,61,11162,9311,202,1649
6622,54,0,0,54,11216,9311,202,1703
6623,65,1,0,64,11281,9311,203,1767
6624,86,1,100,-15,11367,9411,204,1752
6625,134,1,58,75,11501,9469,205,1827
6626,45,2,82,-39,11546,9551,207,1788
6627,31,0,137,-106,11577,9688,207,1682
6628,62,1,108,-47,11639,9796,208,1635
6629,62,0,17,45,11701,9813,208,1680
6630,133,2,100,31,11834,9913,210,1711
6631,76,0,147,-71,11910,10060,210,1640
6632,66,0,101,-35,11976,10161,210,1605
6633,62,0,89,-27,12038,10250,210,1578
6634,98,0,100,-2,12136,10350,210,1576
6635,19,95,2,-78,12155,10352,305,1498
6636,50,0,83,-33,12205,10435,305,1465
6637,80,0,101,-21,12285,10536,305,1444
6638,67,0,132,-65,12352,10668,305,1379
6639,61,0,17,44,12413,10685,305,1423
6640,43,1,128,-86,12456,10813,306,1337
6641,32,1,102,-71,12488,10915,307,1266
6642,30,0,100,-70,12518,11015,307,1196
6643,31,1,71,-41,12549,11086,308,1155
6644,78,1,69,8,12627,11155,309,1163
6645,101,0,97,4,12728,11252,309,1167
6646,36,0,101,-65,12764,11353,309,1102
6647,41,0,0,41,12805,11353,309,1143
6648,50,0,89,-39,12855,11442,309,1104
6649,32,0,61,-29,12887,11503,309,1075
6650,86,1,63,22,12973,11566,310,1097
6651,99,2,91,6,13072,11657,312,1103
6652,95,1,48,46,13167,11705,313,1149
6653,148,2,28,118,13315,11733,315,1267
6654,64,1,168,-105,13379,11901,316,1162
6655,75,0,127,-52,13454,12028,316,1110
6656,62,5,71,-14,13516,12099,321,1096
6657,52,2,59,-9,13568,12158,323,1087
6658,112,0,12,100,13680,12170,323,1187
6659,97,1,35,61,13777,12205,324,1248
6660,74,0,61,13,13851,12266,324,1261
6661,73,3,18,52,13924,12284,327,1313
6662,84,0,53,31,14008,12337,327,1344
6663,94,2,34,58,14102,12371,329,1402
6664,68,0,35,33,14170,12406,329,1435
6665,152,4,42,106,14322,12448,333,1541
6666,122,2,84,36,14444,12532,335,1577
6667,118,0,21,97,14562,12553,335,1674
6668,70,4,21,45,14632,12574,339,1719
6669,133,4,81,48,14765,12655,343,1767
6670,94,3,7,84,14859,12662,346,1851
6671,47,8,144,-105,14906,12806,354,1746
6672,62,4,175,-117,14968,12981,358,1629
6673,97,3,13,81,15065,12994,361,1710
6674,125,5,0,120,15190,12994,366,1830
6675,125,2,64,59,15315,13058,368,1889
6676,83,1,22,60,15398,13080,369,1949
6677,153,1,60,92,15551,13140,370,2041
6678,76,3,118,-45,15627,13258,373,1996
6679,113,1,64,48,15740,13322,374,2044
6680,88,1,41,46,15828,13363,375,2090
6681,201,0,8,193,16029,13371,375,2283
6682,87,7,107,-27,16116,13478,382,2256
6683,148,0,32,116,16264,13510,382,2372
6684,161,0,70,91,16425,13580,382,2463
6685,107,0,19,88,16532,13599,382,2551
6686,95,0,90,5,16627,13689,382,2556
6687,183,0,55,128,16810,13744,382,2684
6688,111,0,40,71,16921,13784,382,2755
6689,72,0,47,25,16993,13831,382,2780
6690,79,4,154,-79,17072,13985,386,2701
6691,168,0,63,105,17240,14048,386,2806
6692,63,1,66,-4,17303,14114,387,2802
6693,104,0,72,32,17407,14186,387,2834
6694,90,3,30,57,17497,14216,390,2891
6695,92,2,42,48,17589,14258,392,2939
6696,106,2,142,-38,17695,14400,394,2901
6697,70,0,134,-64,17765,14534,394,2837
6698,81,2,167,-88,17846,14701,396,2749
6699,64,1,8,55,17910,14709,397,2804
6700,111,2,29,80,18021,14738,399,2884
6701,114,5,115,-6,18135,14853,404,2878
6702,143,0,333,-190,18278,15186,404,2688
6703,76,1,139,-64,18354,15325,405,2624
6704,107,0,77,30,18461,15402,405,2654
6705,82,14,540,-472,18543,15942,419,2182
6706,85,1,33,51,18628,15975,420,2233
6707,116,1,58,57,18744,16033,421,2290
6708,117,5,23,89,18861,16056,426,2379
6709,92,2,10,80,18953,16066,428,2459
6710,78,1,178,-101,19031,16244,429,2358
6711,142,1,24,117,19173,16268,430,2475
6712,97,2,61,34,19270,16329,432,2509
6713,71,1,5,65,19341,16334,433,2574
6714,85,0,53,32,19426,16387,433,2606
6715,119,3,56,60,19545,16443,436,2666
6716,81,0,8,73,19626,16451,436,2739
6717,97,1,37,59,19723,16488,437,2798
6718,57,1,21,35,19780,16509,438,2833
6719,118,2,80,36,19898,16589,440,2869
6720,62,4,348,-290,19960,16937,444,2579
6721,111,2,20,89,20071,16957,446,2668
6722,108,1,12,95,20179,16969,447,2763
6723,49,3,13,33,20228,16982,450,2796
6724,74,0,167,-93,20302,17149,450,2703
6725,101,0,243,-142,20403,17392,450,2561
6726,91,1,338,-248,20494,17730,451,2313
6727,74,0,41,33,20568,17771,451,2346
6728,84,0,125,-41,20652,17896,451,2305
6729,125,2,51,72,20777,17947,453,2377
6730,90,0,21,69,20867,17968,453,2446
6731,61,4,149,-92,20928,18117,457,2354
6732,58,9,57,-8,20986,18174,466,2346
6733,79,1,50,28,21065,18224,467,2374
6734,59,0,3,56,21124,18227,467,2430
6735,55,0,3,52,21179,18230,467,2482
6736,27,7,113,-93,21206,18343,474,2389
6737,46,1,39,6,21252,18382,475,2395
6738,57,6,160,-109,21309,18542,481,2286
6739,83,2,52,29,21392,18594,483,2315
6740,82,0,13,69,21474,18607,483,2384
6741,94,0,87,7,21568,18694,483,2391
6742,92,4,68,20,21660,18762,487,2411
6743,96,0,13,83,21756,18775,487,2494
6744,96,0,2,94,21852,18777,487,2588
6745,68,2,84,-18,21920,18861,489,2570
6746,71,2,76,-7,21991,18937,491,2563
6747,91,1,81,9,22082,19018,492,2572
6748,60,3,30,27,22142,19048,495,2599
6749,82,1,11,70,22224,19059,496,2669
6750,155,2,13,140,22379,19072,498,2809
6751,111,2,23,86,22490,19095,500,2895
6752,73,1,116,-44,22563,19211,501,2851
6753,64,0,10,54,22627,19221,501,2905
6754,81,1,157,-77,22708,19378,502,2828
6755,128,7,68,53,22836,19446,509,2881
6756,119,2,31,86,22955,19477,511,2967
6757,90,1,10,79,23045,19487,512,3046
6758,45,2,14,29,23090,19501,514,3075
6759,90,0,17,73,23180,19518,514,3148
6760,127,0,65,62,23307,19583,514,3210
6761,67,2,116,-51,23374,19699,516,3159
6762,106,0,55,51,23480,19754,516,3210
6763,66,2,24,40,23546,19778,518,3250
6764,120,1,25,94,23666,19803,519,3344
6765,97,0,0,97,23763,19803,519,3441
6766,46,1,166,-121,23809,19969,520,3320
6767,95,0,61,34,23904,20030,520,3354
6768,94,1,17,76,23998,20047,521,3430
6769,85,0,12,73,24083,20059,521,3503
6770,119,0,89,30,24202,20148,521,3533
6771,88,1,28,59,24290,20176,522,3592
6772,75,2,12,61,24365,20188,524,3653
6773,70,0,97,-27,24435,20285,524,3626
6774,135,1,17,117,24570,20302,525,3743
6775,96,0,6,90,24666,20308,525,3833
6776,172,1,7,164,24838,20315,526,3997
6777,129,11,52,66,24967,20367,537,4063
6778,174,0,14,160,25141,20381,537,4223
6779,160,2,21,137,25301,20402,539,4360
6780,106,2,78,26,25407,20480,541,4386
6781,146,0,13,133,25553,20493,541,4519
6782,188,1,17,170,25741,20510,542,4689
6783,256,2,64,190,25997,20574,544,4879
6784,210,0,34,176,26207,20608,544,5055
6785,272,2,51,219,26479,20659,546,5274
6786,240,0,99,141,26719,20758,546,5415
6787,139,1,49,89,26858,20807,547,5504
6788,198,1,17,180,27056,20824,548,5684
6789,286,1,38,247,27342,20862,549,5931
6790,250,3,23,224,27592,20885,552,6155
6791,216,0,144,72,27808,21029,552,6227
6792,232,3,84,145,28040,21113,555,6372
6793,261,3,44,214,28301,21157,558,6586
6794,303,1,85,217,28604,21242,559,6803
6795,253,7,93,153,28857,21335,566,6956
6796,281,2,225,54,29138,21560,568,7010
6797,258,0,13,245,29396,21573,568,7255
6798,270,1,71,198,29666,21644,569,7453
6799,376,1,5,370,30042,21649,570,7823
6800,305,11,160,134,30347,21809,581,7957
6801,123,8,140,-25,30470,21949,589,7932
6802,348,1,475,-128,30818,22424,590,7804
6803,244,11,225,8,31062,22649,601,7812
6804,339,8,350,-19,31401,22999,609,7793
6805,348,12,515,-179,31749,23514,621,7614
6806,381,25,456,-100,32130,23970,646,7514
6807,450,2,294,154,32580,24264,648,7668
6808,424,2,607,-185,33004,24871,650,7483
6809,254,14,350,-110,33258,25221,664,7373
6810,416,36,450,-70,33674,25671,700,7303
6811,379,41,425,-87,34053,26096,741,7216
6812,247,101,455,-309,34300,26551,842,6907
6813,446,46,2192,-1792,34746,28743,888,5115
6814,309,11,258,40,35055,29001,899,5155
6815,285,5,311,-31,35340,29312,904,5124
6816,293,19,319,-45,35633,29631,923,5079
6817,265,13,377,-125,35898,30008,936,4954
6818,352,7,167,178,36250,30175,943,5132
6819,286,4,155,127,36536,30330,947,5259
6820,340,9,186,145,36876,30516,956,5404
6821,294,66,456,-228,37170,30972,1022,5176
6822,344,18,480,-154,37514,31452,1040,5022
6823,348,70,685,-407,37862,32137,1110,4615
6824,320,12,224,84,38182,32361,1122,4699
6825,309,17,283,9,38491,32644,1139,4708
6826,469,19,237,213,38960,32881,1158,4921
6827,396,12,263,121,39356,33144,1170,5042
6828,482,15,373,94,39838,33517,1185,5136
6829,475,10,327,138,40313,33844,1195,5274
6830,337,8,290,39,40650,34134,1203,5313
6831,225,8,161,56,40875,34295,1211,5369
6832,3,0,0,3,3,0,0,3
6833,2,0,0,2,5,0,0,5
6834,1,0,0,1,6,0,0,6
6835,1,0,0,1,7,0,0,7
6836,0,0,0,0,7,0,0,7
6837,0,0,0,0,7,0,0,7
6838,0,0,0,0,7,0,0,7
6839,0,0,0,0,7,0,0,7
6840,0,0,0,0,7,0,0,7
6841,1,0,0,1,8,0,0,8
6842,0,0,0,0,8,0,0,8
6843,0,0,0,0,8,0,0,8
6844,0,0,0,0,8,0,0,8
6845,0,0,0,0,8,0,0,8
6846,5,0,0,5,13,0,0,13
6847,0,0,0,0,13,0,0,13
6848,0,0,0,0,13,0,0,13
6849,3,1,0,2,16,0,1,15
6850,1,0,0,1,17,0,1,16
6851,0,0,0,0,17,0,1,16
6852,1,0,0,1,18,0,1,17
6853,2,0,1,1,20,1,1,18
6854,1,0,0,1,21,1,1,19
6855,6,0,0,6,27,1,1,25
6856,0,0,0,0,27,1,1,25
6857,1,0,0,1,28,1,1,26
6858,1,0,5,-4,29,6,1,22
6859,4,0,0,4,33,6,1,26
6860,0,0,0,0,33,6,1,26
6861,0,0,0,0,33,6,1,26
6862,0,0,0,0,33,6,1,26
6863,0,0,0,0,33,6,1,26
6864,0,0,0,0,33,6,1,26
6865,9,0,5,4,42,11,1,30
6866,0,0,1,-1,42,12,1,29
6867,10,0,0,10,52,12,1,39
6868,5,0,0,5,57,12,1,44
6869,4,0,0,4,61,12,1,48
6870,5,0,0,5,66,12,1,53
6871,1,0,0,1,67,12,1,54
6872,5,0,0,5,72,12,1,59
6873,11,0,2,9,83,14,1,68
6874,12,0,0,12,95,14,1,80
6875,8,0,1,7,103,15,1,87
6876,2,0,1,1,105,16,1,88
6877,8,0,0,8,113,16,1,96
6878,4,0,0,4,117,16,1,100
6879,15,0,0,15,132,16,1,115
6880,3,0,1,2,135,17,1,117
6881,18,0,0,18,153,17,1,135
6882,8,0,0,8,161,17,1,143
6883,5,1,0,4,166,17,2,147
6884,1,0,0,1,167,17,2,148
6885,14,0,0,14,181,17,2,162
6886,0,0,0,0,181,17,2,162
6887,27,0,9,18,208,26,2,180
6888,5,0,6,-1,213,32,2,179
6889,4,0,3,1,217,35,2,180
6890,7,1,4,2,224,39,3,182
6891,3,0,3,0,227,42,3,182
6892,2,0,5,-3,229,47,3,179
6893,8,0,11,-3,237,58,3,176
6894,13,0,4,9,250,62,3,185
6895,2,0,2,0,252,64,3,185
6896,1,0,2,-1,253,66,3,184
6897,1,0,10,-9,254,76,3,175
6898,3,0,5,-2,257,81,3,173
6899,6,0,4,2,263,85,3,175
6900,2,0,11,-9,265,96,3,166
6901,5,0,6,-1,270,102,3,165
6902,3,0,3,0,273,105,3,165
6903,2,0,0,2,275,105,3,167
6904,1,0,16,-15,276,121,3,152
6905,1,0,1,0,277,122,3,152
6906,3,0,5,-2,280,127,3,150
6907,1,0,6,-5,281,133,3,145
6908,4,0,9,-5,285,142,3,140
6909,6,0,18,-12,291,160,3,128
6910,4,0,11,-7,295,171,3,121
6911,2,0,3,-1,297,174,3,120
6912,1,0,1,0,298,175,3,120
6913,12,0,2,10,310,177,3,130
6914,6,0,7,-1,316,184,3,129
6915,1,0,0,1,317,184,3,130
6916,10,0,22,-12,327,206,3,118
6917,2,0,4,-2,329,210,3,116
6918,9,0,3,6,338,213,3,122
6919,13,0,3,10,351,216,3,132
6920,11,0,5,6,362,221,3,138
6921,3,0,7,-4,365,228,3,134
6922,8,1,11,-4,373,239,4,130
6923,3,0,10,-7,376,249,4,123
6924,2,0,12,-10,378,261,4,113
6925,4,0,1,3,382,262,4,116
6926,10,0,13,-3,392,275,4,113
6927,5,0,17,-12,397,292,4,101
6928,8,0,19,-11,405,311,4,90
6929,12,0,3,9,417,314,4,99
6930,6,0,6,0,423,320,4,99
6931,11,1,3,7,434,323,5,106
6932,1,0,1,0,435,324,5,106
6933,12,0,1,11,447,325,5,117
6934,9,1,10,-2,456,335,6,115
6935,17,0,21,-4,473,356,6,111
6936,10,1,5,4,483,361,7,115
6937,11,0,5,6,494,366,7,121
6938,9,0,11,-2,503,377,7,119
6939,7,0,1,6,510,378,7,125
6940,8,0,9,-1,518,387,7,124
6941,7,0,15,-8,525,402,7,116
6942,6,0,14,-8,531,416,7,108
6943,13,1,10,2,544,426,8,110
6944,10,0,7,3,554,433,8,113
6945,30,0,3,27,584,436,8,140
6946,13,1,1,11,597,437,9,151
6947,6,2,16,-12,603,453,11,139
6948,14,0,9,5,617,462,11,144
6949,6,0,7,-1,623,469,11,143
6950,19,1,10,8,642,479,12,151
6951,31,0,12,19,673,491,12,170
6952,17,4,3,10,690,494,16,180
6953,5,1,10,-6,695,504,17,174
6954,27,0,8,19,722,512,17,193
6955,34,0,7,27,756,519,17,220
6956,24,0,15,9,780,534,17,229
6957,43,0,18,25,823,552,17,254
6958,25,0,13,12,848,565,17,266
6959,20,1,1,18,868,566,18,284
6960,25,1,20,4,893,586,19,288
6961,71,0,5,66,964,591,19,354
6962,30,3,31,-4,994,622,22,350
6963,40,0,50,-10,1034,672,22,340
6964,38,2,32,4,1072,704,24,344
6965,62,2,24,36,1134,728,26,380
6966,32,2,25,5,1166,753,28,385
6967,18,0,22,-4,1184,775,28,381
6968,66,0,34,32,1250,809,28,413
6969,57,0,47,10,1307,856,28,423
6970,70,2,30,38,1377,886,30,461
6971,49,1,15,33,1426,901,31,494
6972,7,1,7,-1,1433,908,32,493
6973,83,5,6,72,1516,914,37,565
6974,22,4,25,-7,1538,939,41,558
6975,60,1,37,22,1598,976,42,580
6976,67,0,56,11,1665,1032,42,591
6977,36,1,46,-11,1701,1078,43,580
6978,98,4,58,36,1799,1136,47,616
6979,35,1,28,6,1834,1164,48,622
6980,53,4,15,34,1887,1179,52,656
6981,45,4,83,-42,1932,1262,56,614
6982,128,3,68,57,2060,1330,59,671
6983,46,2,51,-7,2106,1381,61,664
6984,23,1,30,-8,2129,1411,62,656
6985,98,4,67,27,2227,1478,66,683
6986,56,1,12,43,2283,1490,67,726
6987,85,23,54,8,2368,1544,90,734
6988,116,5,66,45,2484,1610,95,779
6989,93,1,34,58,2577,1644,96,837
6990,91,3,56,32,2668,1700,99,869
6991,28,2,21,5,2696,1721,101,874
6992,195,5,52,138,2891,1773,106,1012
6993,129,1,84,44,3020,1857,107,1056
6994,80,15,51,14,3100,1908,122,1070
6995,44,3,10,31,3144,1918,125,1101
6996,141,9,168,-36,3285,2086,134,1065
6997,134,2,76,56,3419,2162,136,1121
6998,206,9,52,145,3625,2214,145,1266
6999,97,3,44,50,3722,2258,148,1316
7000,200,8,42,150,3922,2300,156,1466
7001,197,4,18,175,4119,2318,160,1641
7002,124,1,72,51,4243,2390,161,1692
7003,61,3,17,41,4304,2407,164,1733
7004,72,1,68,3,4376,2475,165,1736
7005,157,27,77,53,4533,2552,192,1789
7006,279,8,89,182,4812,2641,200,1971
7007,128,8,136,-16,4940,2777,208,1955
7008,186,7,178,1,5126,2955,215,1956
7009,62,3,10,49,5188,2965,218,2005
7010,87,8,56,23,5275,3021,226,2028
7011,80,2,97,-19,5355,3118,228,2009
7012,90,3,132,-45,5445,3250,231,1964
7013,153,3,101,49,5598,3351,234,2013
7014,153,5,100,48,5751,3451,239,2061
7015,174,2,143,29,5925,3594,241,2090
7016,123,2,181,-60,6048,3775,243,2030
7017,51,3,84,-36,6099,3859,246,1994
7018,217,5,178,34,6316,4037,251,2028
7019,169,5,102,62,6485,4139,256,2090
7020,119,7,166,-54,6604,4305,263,2036
7021,111,3,88,20,6715,4393,266,2056
7022,60,1,60,-1,6775,4453,267,2055
7023,178,6,75,97,6953,4528,273,2152
7024,114,5,152,-43,7067,4680,278,2109
7025,196,4,224,-32,7263,4904,282,2077
7026,195,5,123,67,7458,5027,287,2144
7027,392,8,55,329,7850,5082,295,2473
7028,219,2,98,119,8069,5180,297,2592
7029,140,3,144,-7,8209,5324,300,2585
7030,114,2,149,-37,8323,5473,302,2548
7031,114,12,50,52,8437,5523,314,2600
7032,213,19,253,-59,8650,5776,333,2541
7033,131,20,108,3,8781,5884,353,2544
7034,319,10,84,225,9100,5968,363,2769
7035,117,2,150,-35,9217,6118,365,2734
7036,228,3,232,-7,9445,6350,368,2727
7037,117,9,198,-90,9562,6548,377,2637
7038,200,3,150,47,9762,6698,380,2684
7039,202,4,109,89,9964,6807,384,2773
7040,238,12,236,-10,10202,7043,396,2763
7041,135,10,182,-57,10337,7225,406,2706
7042,131,6,134,-9,10468,7359,412,2697
7043,194,5,210,-21,10662,7569,417,2676
7044,66,2,61,3,10728,7630,419,2679
7045,108,3,32,73,10836,7662,422,2752
7046,210,5,273,-68,11046,7935,427,2684
7047,164,7,136,21,11210,8071,434,2705
7048,94,3,209,-118,11304,8280,437,2587
7049,197,1,272,-76,11501,8552,438,2511
7050,382,2,209,171,11883,8761,440,2682
7051,85,3,73,9,11968,8834,443,2691
7052,68,0,145,-77,12036,8979,443,2614
7053,183,6,121,56,12219,9100,449,2670
7054,259,8,185,66,12478,9285,457,2736
7055,223,2,236,-15,12701,9521,459,2721
7056,242,2,172,68,12943,9693,461,2789
7057,175,3,153,19,13118,9846,464,2808
7058,106,2,128,-24,13224,9974,466,2784
7059,123,4,214,-95,13347,10188,470,2689
7060,214,1,92,121,13561,10280,471,2810
7061,208,6,274,-72,13769,10554,477,2738
7062,205,1,254,-50,13974,10808,478,2688
7063,116,10,269,-163,14090,11077,488,2525
7064,168,5,185,-22,14258,11262,493,2503
7065,86,2,251,-167,14344,11513,495,2336
7066,152,4,277,-129,14496,11790,499,2207
7067,146,1,125,20,14642,11915,500,2227
7068,307,1,241,65,14949,12156,501,2292
7069,190,1,125,64,15139,12281,502,2356
7070,265,3,302,-40,15404,12583,505,2316
7071,201,6,213,-18,15605,12796,511,2298
7072,75,4,313,-242,15680,13109,515,2056
7073,123,4,144,-25,15803,13253,519,2031
7074,345,3,124,218,16148,13377,522,2249
7075,234,5,246,-17,16382,13623,527,2232
7076,277,3,333,-59,16659,13956,530,2173
7077,147,7,147,-7,16806,14103,537,2166
7078,206,4,298,-96,17012,14401,541,2070
7079,158,2,214,-58,17170,14615,543,2012
7080,171,0,218,-47,17341,14833,543,1965
7081,254,2,85,167,17595,14918,545,2132
7082,132,3,26,103,17727,14944,548,2235
7083,165,5,42,118,17892,14986,553,2353
7084,251,3,184,64,18143,15170,556,2417
7085,137,1,189,-53,18280,15359,557,2364
7086,132,2,64,66,18412,15423,559,2430
7087,90,5,130,-45,18502,15553,564,2385
7088,189,1,332,-144,18691,15885,565,2241
7089,221,9,124,88,18912,16009,574,2329
7090,165,7,183,-25,19077,16192,581,2304
7091,220,4,166,50,19297,16358,585,2354
7092,203,1,98,104,19500,16456,586,2458
7093,117,5,483,-371,19617,16939,591,2087
7094,127,1,160,-34,19744,17099,592,2053
7095,304,1,142,161,20048,17241,593,2214
7096,313,3,185,125,20361,17426,596,2339
7097,231,6,132,93,20592,17558,602,2432
7098,238,0,170,68,20830,17728,602,2500
7099,185,2,160,23,21015,17888,604,2523
7100,90,7,182,-99,21105,18070,611,2424
7101,257,3,238,16,21362,18308,614,2440
7102,279,6,154,119,21641,18462,620,2559
7103,109,7,210,-108,21750,18672,627,2451
7104,214,4,138,72,21964,18810,631,2523
7105,162,4,156,2,22126,18966,635,2525
7106,227,4,230,-7,22353,19196,639,2518
7107,116,4,189,-77,22469,19385,643,2441
7108,392,2,173,217,22861,19558,645,2658
7109,280,8,176,96,23141,19734,653,2754
7110,236,5,184,47,23377,19918,658,2801
7111,282,4,165,113,23659,20083,662,2914
7112,268,6,243,19,23927,20326,668,2933
7113,155,10,167,-22,24082,20493,678,2911
7114,211,5,295,-89,24293,20788,683,2822
7115,182,7,91,84,24475,20879,690,2906
7116,418,6,187,225,24893,21066,696,3131
7117,372,6,212,154,25265,21278,702,3285
7118,218,8,179,31,25483,21457,710,3316
7119,287,8,193,86,25770,21650,718,3402
7120,200,3,267,-70,25970,21917,721,3332
7121,109,6,171,-68,26079,22088,727,3264
7122,314,4,238,72,26393,22326,731,3336
7123,319,7,238,74,26712,22564,738,3410
7124,364,5,241,118,27076,22805,743,3528
7125,299,12,205,82,27375,23010,755,3610
7126,213,4,235,-26,27588,23245,759,3584
7127,305,4,218,83,27893,23463,763,3667
7128,185,6,192,-13,28078,23655,769,3654
7129,281,8,275,-2,28359,23930,777,3652
7130,375,5,182,188,28734,24112,782,3840
7131,479,7,262,210,29213,24374,789,4050
7132,512,8,254,250,29725,24628,797,4300
7133,394,7,194,193,30119,24822,804,4493
7134,393,4,315,74,30512,25137,808,4567
7135,227,11,309,-93,30739,25446,819,4474
7136,338,8,337,-7,31077,25783,827,4467
7137,507,3,263,241,31584,26046,830,4708
7138,407,13,257,137,31991,26303,843,4845
7139,598,9,294,295,32589,26597,852,5140
7140,570,8,305,257,33159,26902,860,5397
7141,455,13,393,49,33614,27295,873,5446
7142,354,8,345,1,33968,27640,881,5447
7143,463,9,388,66,34431,28028,890,5513
7144,543,11,325,207,34974,28353,901,5720
7145,496,11,294,191,35470,28647,912,5911
7146,580,9,362,209,36050,29009,921,6120
7147,609,11,323,275,36659,29332,932,6395
7148,432,7,391,34,37091,29723,939,6429
7149,325,7,459,-141,37416,30182,946,6288
7150,557,10,329,218,37973,30511,956,6506
7151,756,6,339,411,38729,30850,962,6917
7152,459,6,394,59,39188,31244,968,6976
7153,667,8,454,205,39855,31698,976,7181
7154,701,11,374,316,40556,32072,987,7497
7155,658,9,543,106,41214,32615,996,7603
7156,366,14,394,-42,41580,33009,1010,7561
7157,443,8,518,-83,42023,33527,1018,7478
7158,903,13,498,392,42926,34025,1031,7870
7159,732,14,704,14,43658,34729,1045,7884
7160,798,11,548,239,44456,35277,1056,8123
7161,607,23,492,92,45063,35769,1079,8215
7162,501,11,416,74,45564,36185,1090,8289
7163,344,10,433,-99,45908,36618,1100,8190
7164,550,9,503,38,46458,37121,1109,8228
7165,498,13,380,105,46956,37501,1122,8333
7166,643,9,791,-157,47599,38292,1131,8176
7167,931,13,543,375,48530,38835,1144,8551
7168,315,10,485,-180,48845,39320,1154,8371
7169,330,16,500,-186,49175,39820,1170,8185
7170,362,7,483,-128,49537,40303,1177,8057
7171,322,2,208,112,49859,40511,1179,8169
7172,452,10,253,189,50311,40764,1189,8358
7173,517,11,491,15,50828,41255,1200,8373
7174,718,15,549,154,51546,41804,1215,8527
7175,553,17,806,-270,52099,42610,1232,8257
7176,406,12,602,-208,52505,43212,1244,8049
7177,404,14,504,-114,52909,43716,1258,7935
7178,431,7,535,-111,53340,44251,1265,7824
7179,423,15,537,-129,53763,44788,1280,7695
7180,395,10,728,-343,54158,45516,1290,7352
7181,485,7,426,52,54643,45942,1297,7404
7182,378,7,655,-284,55021,46597,1304,7120
7183,373,5,464,-96,55394,47061,1309,7024
7184,437,10,498,-71,55831,47559,1319,6953
7185,310,12,576,-278,56141,48135,1331,6675
7186,348,7,457,-116,56489,48592,1338,6559
7187,512,5,406,101,57001,48998,1343,6660
7188,294,7,508,-221,57295,49506,1350,6439
7189,396,4,468,-76,57691,49974,1354,6363
7190,350,9,398,-57,58041,50372,1363,6306
7191,142,7,390,-255,58183,50762,1370,6051
7192,260,6,433,-179,58443,51195,1376,5872
7193,296,8,443,-155,58739,51638,1384,5717
7194,438,9,458,-29,59177,52096,1393,5688
7195,207,9,356,-158,59384,52452,1402,5530
7196,264,2,240,22,59648,52692,1404,5552
7197,207,6,354,-153,59855,53046,1410,5399
7198,204,4,473,-273,60059,53519,1414,5126
7199,246,9,218,19,60305,53737,1423,5145
7200,241,2,337,-98,60546,54074,1425,5047
7201,329,11,384,-66,60875,54458,1436,4981
7202,270,6,279,-15,61145,54737,1442,4966
7203,224,7,339,-122,61369,55076,1449,4844
7204,218,8,374,-164,61587,55450,1457,4680
7205,71,7,409,-345,61658,55859,1464,4335
7206,234,2,332,-100,61892,56191,1466,4235
7207,275,6,378,-109,62167,56569,1472,4126
7208,319,9,427,-117,62486,56996,1481,4009
7209,247,6,628,-387,62733,57624,1487,3622
7210,196,3,299,-106,62929,57923,1490,3516
7211,164,4,366,-206,63093,58289,1494,3310
7212,124,3,300,-179,63217,58589,1497,3131
7213,246,10,279,-43,63463,58868,1507,3088
7214,200,3,161,36,63663,59029,1510,3124
7215,214,10,200,4,63877,59229,1520,3128
7216,238,5,215,18,64115,59444,1525,3146
7217,138,10,173,-45,64253,59617,1535,3101
7218,154,6,218,-70,64407,59835,1541,3031
7219,90,6,284,-200,64497,60119,1547,2831
7220,197,4,182,11,64694,60301,1551,2842
7221,163,7,432,-276,64857,60733,1558,2566
7222,153,1,197,-45,65010,60930,1559,2521
7223,205,1,238,-34,65215,61168,1560,2487
7224,187,5,247,-65,65402,61415,1565,2422
7225,202,7,251,-56,65604,61666,1572,2366
7226,97,7,162,-72,65701,61828,1579,2294
7227,158,1,214,-57,65859,62042,1580,2237
7228,196,3,185,8,66055,62227,1583,2245
7229,185,5,267,-87,66240,62494,1588,2158
7230,127,1,238,-112,66367,62732,1589,2046
7231,209,4,204,1,66576,62936,1593,2047
7232,186,3,198,-15,66762,63134,1596,2032
7233,116,7,170,-61,66878,63304,1603,1971
7234,149,4,174,-29,67027,63478,1607,1942
7235,187,2,145,40,67214,63623,1609,1982
7236,180,3,143,34,67394,63766,1612,2016
7237,188,3,181,4,67582,63947,1615,2020
7238,149,2,246,-99,67731,64193,1617,1921
7239,165,2,124,39,67896,64317,1619,1960
7240,82,4,186,-108,67978,64503,1623,1852
7241,158,6,208,-56,68136,64711,1629,1796
7242,186,5,147,34,68322,64858,1634,1830
7243,145,4,159,-18,68467,65017,1638,1812
7244,161,2,176,-17,68628,65193,1640,1795
7245,137,1,192,-56,68765,65385,1641,1739
7246,52,5,128,-81,68817,65513,1646,1658
7247,84,5,177,-98,68901,65690,1651,1560
7248,137,4,107,26,69038,65797,1655,1586
7249,137,5,102,30,69175,65899,1660,1616
7250,104,3,126,-25,69279,66025,1663,1591
7251,105,7,165,-67,69384,66190,1670,1524
7252,109,3,208,-102,69493,66398,1673,1422
7253,88,2,212,-126,69581,66610,1675,1296
7254,92,2,125,-35,69673,66735,1677,1261
7255,76,2,109,-35,69749,66844,1679,1226
7256,126,1,80,45,69875,66924,1680,1271
7257,80,2,84,-6,69955,67008,1682,1265
7258,13,1,97,-85,69968,67105,1683,1180
7259,52,2,71,-21,70020,67176,1685,1159
7260,56,2,97,-43,70076,67273,1687,1116
7261,59,4,114,-59,70135,67387,1691,1057
7262,138,3,126,9,70273,67513,1694,1066
7263,128,2,95,31,70401,67608,1696,1097
7264,100,1,91,8,70501,67699,1697,1105
7265,87,5,141,-59,70588,67840,1702,1046
7266,99,0,72,27,70687,67912,1702,1073
7267,103,1,70,32,70790,67982,1703,1105
7268,105,1,66,38,70895,68048,1704,1143
7269,112,6,53,53,71007,68101,1710,1196
7270,82,2,86,-6,71089,68187,1712,1190
7271,64,2,116,-54,71153,68303,1714,1136
7272,68,3,110,-45,71221,68413,1717,1091
7273,146,1,120,25,71367,68533,1718,1116
7274,140,3,120,17,71507,68653,1721,1133
7275,89,2,177,-90,71596,68830,1723,1043
7276,90,0,73,17,71686,68903,1723,1060
7277,64,5,106,-47,71750,69009,1728,1013
7278,94,1,72,21,71844,69081,1729,1034
7279,113,1,79,33,71957,69160,1730,1067
7280,79,0,78,1,72036,69238,1730,1068
7281,75,6,84,-15,72111,69322,1736,1053
7282,40,7,87,-54,72151,69409,1743,999
7283,90,3,64,23,72241,69473,1746,1022
7284,84,1,105,-22,72325,69578,1747,1000
7285,108,3,94,11,72433,69672,1750,1011
7286,78,5,76,-3,72511,69748,1755,1008
7287,78,1,73,4,72589,69821,1756,1012
7288,108,1,69,38,72697,69890,1757,1050
7289,62,2,85,-25,72759,69975,1759,1025
7290,133,2,118,13,72892,70093,1761,1038
7291,145,1,82,62,73037,70175,1762,1100
7292,177,2,59,116,73214,70234,1764,1216
7293,145,4,90,51,73359,70324,1768,1267
7294,152,3,87,62,73511,70411,1771,1329
7295,147,5,78,64,73658,70489,1776,1393
7296,163,0,82,81,73821,70571,1776,1474
7297,245,5,120,120,74066,70691,1781,1594
7298,227,4,68,155,74293,70759,1785,1749
7299,336,4,76,256,74629,70835,1789,2005
7300,352,4,115,233,74981,70950,1793,2238
7301,428,6,75,347,75409,71025,1799,2585
7302,470,9,94,367,75879,71119,1808,2952
7303,382,8,124,250,76261,71243,1816,3202
7304,482,13,121,348,76743,71364,1829,3550
7305,489,11,92,386,77232,71456,1840,3936
7306,595,11,111,473,77827,71567,1851,4409
7307,661,10,138,513,78488,71705,1861,4922
7308,622,15,297,310,79110,72002,1876,5232
7309,738,18,289,431,79848,72291,1894,5663
7310,428,19,223,186,80276,72514,1913,5849
7311,726,18,234,474,81002,72748,1931,6323
7312,757,24,325,408,81759,73073,1955,6731
7313,979,30,236,713,82738,73309,1985,7444
7314,1020,18,432,570,83758,73741,2003,8014
7315,1051,26,440,585,84809,74181,2029,8599
7316,1134,53,422,659,85943,74603,2082,9258
7317,1014,22,299,693,86957,74902,2104,9951
7318,1499,52,496,951,88456,75398,2156,10902
7319,1658,43,458,1157,90114,75856,2199,12059
7320,1543,48,544,951,91657,76400,2247,13010
7321,1724,58,707,959,93381,77107,2305,13969
7322,1667,38,669,960,95048,77776,2343,14929
7323,1514,50,708,756,96562,78484,2393,15685
7324,963,77,771,115,97525,79255,2470,15800
7325,1178,86,563,529,98703,79818,2556,16329
7326,900,60,486,354,99603,80304,2616,16683
7327,1952,76,753,1123,101555,81057,2692,17806
7328,1505,63,808,634,103060,81865,2755,18440
7329,2106,72,858,1176,105166,82723,2827,19616
7330,1693,73,965,655,106859,83688,2900,20271
7331,943,72,880,-9,107802,84568,2972,20262
7332,2009,59,1147,803,109811,85715,3031,21065
7333,2128,87,1146,895,111939,86861,3118,21960
7334,1540,89,1468,-17,113479,88329,3207,21943
7335,2364,66,1412,886,115843,89741,3273,22829
7336,1660,74,1143,443,117503,90884,3347,23272
7337,1716,78,1727,-89,119219,92611,3425,23183
7338,1086,51,1961,-926,120305,94572,3476,22257
7339,1419,57,1499,-137,121724,96071,3533,22120
7340,2222,83,1720,419,123946,97791,3616,22539
7341,2083,101,2000,-18,126029,99791,3717,22521
7342,1815,84,2585,-854,127844,102376,3801,21667
7343,1786,82,1730,-26,129630,104106,3883,21641
7344,1579,90,1704,-215,131209,105810,3973,21426
7345,1071,72,2305,-1306,132280,108115,4045,20120
7346,1546,79,2458,-991,133826,110573,4124,19129
7347,1843,64,1929,-150,135669,112502,4188,18979
7348,1176,64,1996,-884,136845,114498,4252,18095
7349,1451,66,1889,-504,138296,116387,4318,17591
7350,1168,66,1728,-626,139464,118115,4384,16965
7351,776,63,1707,-994,140240,119822,4447,15971
7352,633,71,1892,-1330,140873,121714,4518,14641
7353,923,52,1573,-702,141796,123287,4570,13939
7354,638,72,1656,-1090,142434,124943,4642,12849
7355,1,1,0,0,1,0,1,0
7356,0,0,0,0,1,0,1,0
7357,0,0,0,0,1,0,1,0
7358,0,0,0,0,1,0,1,0
7359,0,0,0,0,1,0,1,0
7360,0,0,0,0,1,0,1,0
7361,0,0,0,0,1,0,1,0
7362,0,0,0,0,1,0,1,0
7363,0,0,0,0,1,0,1,0
7364,0,0,0,0,1,0,1,0
7365,0,1,0,-1,1,0,2,-1
7366,0,0,0,0,1,0,2,-1
7367,0,0,0,0,1,0,2,-1
7368,6,0,0,6,7,0,2,5
7369,6,2,0,4,13,0,4,9
7370,2,0,0,2,15,0,4,11
7371,0,0,0,0,15,0,4,11
7372,0,0,0,0,15,0,4,11
7373,3,1,0,2,18,0,5,13
7374,0,0,0,0,18,0,5,13
7375,1,0,0,1,19,0,5,14
7376,0,0,0,0,19,0,5,14
7377,29,0,0,29,48,0,5,43
7378,0,0,0,0,48,0,5,43
7379,7,0,8,-1,55,8,5,42
7380,0,3,0,-3,55,8,8,39
7381,10,0,0,10,65,8,8,49
7382,2,1,1,0,67,9,9,49
7383,5,0,1,4,72,10,9,53
7384,6,0,0,6,78,10,9,59
7385,1,0,3,-2,79,13,9,57
7386,0,0,0,0,79,13,9,57
7387,0,0,0,0,79,13,9,57
7388,2,0,0,2,81,13,9,59
7389,2,1,1,0,83,14,10,59
7390,1,0,0,1,84,14,10,60
7391,9,0,7,2,93,21,10,62
7392,2,1,0,1,95,21,11,63
7393,1,0,0,1,96,21,11,64
7394,9,1,0,8,105,21,12,72
7395,6,0,7,-1,111,28,12,71
7396,0,0,7,-7,111,35,12,64
7397,0,1,0,-1,111,35,13,63
7398,3,0,5,-2,114,40,13,61
7399,3,1,1,1,117,41,14,62
7400,0,0,0,0,117,41,14,62
7401,0,0,0,0,117,41,14,62
7402,6,0,0,6,123,41,14,68
7403,6,0,0,6,129,41,14,74
7404,1,0,2,-1,130,43,14,73
7405,11,5,0,6,141,43,19,79
7406,1,0,5,-4,142,48,19,75
7407,15,0,0,15,157,48,19,90
7408,22,5,0,17,179,48,24,107
7409,0,0,0,0,179,48,24,107
7410,17,3,0,14,196,48,27,121
7411,2,0,5,-3,198,53,27,118
7412,2,0,0,2,200,53,27,120
7413,2,0,0,2,202,53,27,122
7414,0,0,0,0,202,53,27,122
7415,0,0,0,0,202,53,27,122
7416,16,2,5,9,218,58,29,131
7417,7,1,0,6,225,58,30,137
7418,10,1,0,9,235,58,31,146
7419,15,2,16,-3,250,74,33,143
7420,23,1,0,22,273,74,34,165
7421,12,1,28,-17,285,102,35,148
7422,9,0,0,9,294,102,35,157
7423,17,1,7,9,311,109,36,166
7424,4,0,5,-1,315,114,36,165
7425,0,0,0,0,315,114,36,165
7426,17,1,2,14,332,116,37,179
7427,30,1,2,27,362,118,38,206
7428,38,0,0,38,400,118,38,244
7429,6,4,5,-3,406,123,42,241
7430,3,0,23,-20,409,146,42,221
7431,8,0,3,5,417,149,42,226
7432,1,0,2,-1,418,151,42,225
7433,26,2,9,15,444,160,44,240
7434,44,1,7,36,488,167,45,276
7435,48,1,5,42,536,172,46,318
7436,67,0,7,60,603,179,46,378
7437,0,0,0,0,603,179,46,378
7438,2,2,10,-10,605,189,48,368
7439,12,4,0,8,617,189,52,376
7440,18,1,4,13,635,193,53,389
7441,45,3,12,30,680,205,56,419
7442,83,1,0,82,763,205,57,501
7443,98,2,0,96,861,205,59,597
7444,8,0,7,1,869,212,59,598
7445,63,5,4,54,932,216,64,652
7446,25,2,6,17,957,222,66,669
7447,13,0,5,8,970,227,66,677
7448,23,0,7,16,993,234,66,693
7449,31,0,16,15,1024,250,66,708
7450,58,2,5,51,1082,255,68,759
7451,13,2,4,7,1095,259,70,766
7452,20,3,4,13,1115,263,73,779
7453,116,3,3,110,1231,266,76,889
7454,54,3,8,43,1285,274,79,932
7455,69,3,18,48,1354,292,82,980
7456,14,4,64,-54,1368,356,86,926
7457,75,5,18,52,1443,374,91,978
7458,22,0,10,12,1465,384,91,990
7459,12,0,18,-6,1477,402,91,984
7460,72,1,5,66,1549,407,92,1050
7461,50,5,13,32,1599,420,97,1082
7462,89,2,6,81,1688,426,99,1163
7463,33,1,13,19,1721,439,100,1182
7464,44,3,21,20,1765,460,103,1202
7465,12,0,19,-7,1777,479,103,1195
7466,19,4,7,8,1796,486,107,1203
7467,24,1,9,14,1820,495,108,1217
7468,155,1,10,144,1975,505,109,1361
7469,109,5,12,92,2084,517,114,1453
7470,108,1,12,95,2192,529,115,1548
7471,88,4,16,68,2280,545,119,1616
7472,39,4,22,13,2319,567,123,1629
7473,46,2,13,31,2365,580,125,1660
7474,130,5,20,105,2495,600,130,1765
7475,96,0,8,88,2591,608,130,1853
7476,98,5,29,64,2689,637,135,1917
7477,83,7,21,55,2772,658,142,1972
7478,149,3,39,107,2921,697,145,2079
7479,14,1,25,-12,2935,722,146,2067
7480,15,3,49,-37,2950,771,149,2030
7481,42,4,30,8,2992,801,153,2038
7482,166,7,26,133,3158,827,160,2171
7483,104,8,16,80,3262,843,168,2251
7484,56,3,33,20,3318,876,171,2271
7485,52,3,24,25,3370,900,174,2296
7486,20,4,19,-3,3390,919,178,2293
7487,48,1,13,34,3438,932,179,2327
7488,80,1,18,61,3518,950,180,2388
7489,241,3,30,208,3759,980,183,2596
7490,68,4,268,-204,3827,1248,187,2392
7491,104,5,106,-7,3931,1354,192,2385
7492,31,1,131,-101,3962,1485,193,2284
7493,174,8,129,37,4136,1614,201,2321
7494,57,2,39,16,4193,1653,203,2337
7495,68,6,64,-2,4261,1717,209,2335
7496,130,2,74,54,4391,1791,211,2389
7497,86,1,68,17,4477,1859,212,2406
7498,216,9,52,155,4693,1911,221,2561
7499,101,1,124,-24,4794,2035,222,2537
7500,25,2,35,-12,4819,2070,224,2525
7501,129,1,27,101,4948,2097,225,2626
7502,207,4,40,163,5155,2137,229,2789
7503,109,2,51,56,5264,2188,231,2845
7504,94,5,148,-59,5358,2336,236,2786
7505,69,4,101,-36,5427,2437,240,2750
7506,195,3,73,119,5622,2510,243,2869
7507,51,2,102,-53,5673,2612,245,2816
7508,17,3,46,-32,5690,2658,248,2784
7509,130,8,81,41,5820,2739,256,2825
7510,78,3,94,-19,5898,2833,259,2806
7511,59,9,80,-30,5957,2913,268,2776
7512,21,2,70,-51,5978,2983,270,2725
7513,73,6,80,-13,6051,3063,276,2712
7514,78,3,75,0,6129,3138,279,2712
7515,37,6,65,-34,6166,3203,285,2678
7516,134,2,107,25,6300,3310,287,2703
7517,137,2,129,6,6437,3439,289,2709
7518,104,6,117,-19,6541,3556,295,2690
7519,86,7,133,-54,6627,3689,302,2636
7520,103,6,112,-15,6730,3801,308,2621
7521,39,3,102,-66,6769,3903,311,2555
7522,58,3,60,-5,6827,3963,314,2550
7523,115,4,99,12,6942,4062,318,2562
7524,182,2,105,75,7124,4167,320,2637
7525,141,3,111,27,7265,4278,323,2664
7526,125,4,55,66,7390,4333,327,2730
7527,162,6,114,42,7552,4447,333,2772
7528,81,2,103,-24,7633,4550,335,2748
7529,92,4,93,-5,7725,4643,339,2743
7530,107,3,86,18,7832,4729,342,2761
7531,132,1,91,40,7964,4820,343,2801
7532,146,3,61,82,8110,4881,346,2883
7533,131,3,75,53,8241,4956,349,2936
7534,121,6,83,32,8362,5039,355,2968
7535,103,0,64,39,8465,5103,355,3007
7536,94,6,57,31,8559,5160,361,3038
7537,249,6,90,153,8808,5250,367,3191
7538,126,4,66,56,8934,5316,371,3247
7539,117,8,71,38,9051,5387,379,3285
7540,125,10,71,44,9176,5458,389,3329
7541,97,5,76,16,9273,5534,394,3345
7542,95,5,94,-4,9368,5628,399,3341
7543,100,2,76,22,9468,5704,401,3363
7544,98,1,44,53,9566,5748,402,3416
7545,87,5,115,-33,9653,5863,407,3383
7546,96,3,139,-46,9749,6002,410,3337
7547,94,5,100,-11,9843,6102,415,3326
7548,98,2,153,-57,9941,6255,417,3269
7549,97,3,179,-85,10038,6434,420,3184
7550,85,4,194,-113,10123,6628,424,3071
7551,88,2,172,-86,10211,6800,426,2985
7552,102,4,170,-72,10313,6970,430,2913
7553,111,4,153,-46,10424,7123,434,2867
7554,89,2,180,-93,10513,7303,436,2774
7555,86,2,129,-45,10599,7432,438,2729
7556,83,5,110,-32,10682,7542,443,2697
7557,89,3,121,-35,10771,7663,446,2662
7558,98,2,203,-107,10869,7866,448,2555
7559,96,5,178,-87,10965,8044,453,2468
7560,99,7,189,-97,11064,8233,460,2371
7561,95,2,163,-70,11159,8396,462,2301
7562,88,0,149,-61,11247,8545,462,2240
7563,85,6,157,-78,11332,8702,468,2162
7564,87,5,174,-92,11419,8876,473,2070
7565,89,7,134,-52,11508,9010,480,2018
7566,88,5,161,-78,11596,9171,485,1940
7567,90,4,110,-24,11686,9281,489,1916
7568,89,3,111,-25,11775,9392,492,1891
7569,86,5,100,-19,11861,9492,497,1872
7570,83,2,106,-25,11944,9598,499,1847
7571,91,4,118,-31,12035,9716,503,1816
7572,90,4,93,-7,12125,9809,507,1809
7573,87,3,80,4,12212,9889,510,1813
7574,83,3,82,-2,12295,9971,513,1811
7575,91,1,72,18,12386,10043,514,1829
7576,84,0,78,6,12470,10121,514,1835
7577,90,2,75,13,12560,10196,516,1848
7578,93,7,85,1,12653,10281,523,1849
7579,90,1,92,-3,12743,10373,524,1846
7580,92,2,88,2,12835,10461,526,1848
7581,83,2,82,-1,12918,10543,528,1847
7582,89,1,74,14,13007,10617,529,1861
7583,93,4,88,1,13100,10705,533,1862
7584,91,3,72,16,13191,10777,536,1878
7585,79,6,69,4,13270,10846,542,1882
7586,78,4,72,2,13348,10918,546,1884
7587,79,6,75,-2,13427,10993,552,1882
7588,77,4,63,10,13504,11056,556,1892
7589,78,4,60,14,13582,11116,560,1906
7590,76,2,63,11,13658,11179,562,1917
7591,78,2,58,18,13736,11237,564,1935
7592,75,2,64,9,13811,11301,566,1944
7593,72,3,66,3,13883,11367,569,1947
7594,80,1,60,19,13963,11427,570,1966
7595,79,2,77,0,14042,11504,572,1966
7596,88,6,63,19,14130,11567,578,1985
7597,77,1,59,17,14207,11626,579,2002
7598,85,0,68,17,14292,11694,579,2019
7599,118,4,106,8,14410,11800,583,2027
7600,101,1,104,-4,14511,11904,584,2023
7601,85,2,72,11,14596,11976,586,2034
7602,79,2,77,0,14675,12053,588,2034
7603,79,1,71,7,14754,12124,589,2041
7604,76,3,77,-4,14830,12201,592,2037
7605,74,3,69,2,14904,12270,595,2039
7606,84,0,81,3,14988,12351,595,2042
7607,81,2,78,1,15069,12429,597,2043
7608,84,3,81,0,15153,12510,600,2043
7609,82,0,74,8,15235,12584,600,2051
7610,92,4,87,1,15327,12671,604,2052
7611,93,5,91,-3,15420,12762,609,2049
7612,88,3,78,7,15508,12840,612,2056
7613,77,3,69,5,15585,12909,615,2061
7614,86,2,83,1,15671,12992,617,2062
7615,88,2,77,9,15759,13069,619,2071
7616,86,4,80,2,15845,13149,623,2073
7617,79,2,80,-3,15924,13229,625,2070
7618,78,1,77,0,16002,13306,626,2070
7619,87,3,83,1,16089,13389,629,2071
7620,85,3,80,2,16174,13469,632,2073
7621,87,1,81,5,16261,13550,633,2078
7622,80,1,74,5,16341,13624,634,2083
7623,83,3,81,-1,16424,13705,637,2082
7624,82,2,76,4,16506,13781,639,2086
7625,87,1,81,5,16593,13862,640,2091
7626,89,0,83,6,16682,13945,640,2097
7627,87,4,81,2,16769,14026,644,2099
7628,74,1,75,-2,16843,14101,645,2097
7629,79,0,78,1,16922,14179,645,2098
7630,84,1,81,2,17006,14260,646,2100
7631,89,1,75,13,17095,14335,647,2113
7632,86,2,81,3,17181,14416,649,2116
7633,82,4,83,-5,17263,14499,653,2111
7634,90,2,84,4,17353,14583,655,2115
7635,73,5,76,-8,17426,14659,660,2107
7636,76,4,87,-15,17502,14746,664,2092
7637,80,5,81,-6,17582,14827,669,2086
7638,75,1,79,-5,17657,14906,670,2081
7639,75,0,74,1,17732,14980,670,2082
7640,78,2,80,-4,17810,15060,672,2078
7641,82,2,83,-3,17892,15143,674,2075
7642,85,1,82,2,17977,15225,675,2077
7643,89,4,84,1,18066,15309,679,2078
7644,83,0,82,1,18149,15391,679,2079
7645,84,2,89,-7,18233,15480,681,2072
7646,86,2,82,2,18319,15562,683,2074
7647,89,0,84,5,18408,15646,683,2079
7648,92,1,88,3,18500,15734,684,2082
7649,86,2,83,1,18586,15817,686,2083
7650,87,3,89,-5,18673,15906,689,2078
7651,83,2,84,-3,18756,15990,691,2075
7652,92,4,80,8,18848,16070,695,2083
7653,89,1,91,-3,18937,16161,696,2080
7654,90,1,86,3,19027,16247,697,2083
7655,95,3,89,3,19122,16336,700,2086
7656,90,1,95,-6,19212,16431,701,2080
7657,96,4,91,1,19308,16522,705,2081
7658,89,2,93,-6,19397,16615,707,2075
7659,98,0,83,15,19495,16698,707,2090
7660,74,1,83,-10,19569,16781,708,2080
7661,78,3,89,-14,19647,16870,711,2066
7662,74,4,85,-15,19721,16955,715,2051
7663,78,1,86,-9,19799,17041,716,2042
7664,80,2,90,-12,19879,17131,718,2030
7665,83,1,80,2,19962,17211,719,2032
7666,84,4,86,-6,20046,17297,723,2026
7667,87,1,83,3,20133,17380,724,2029
7668,88,2,81,5,20221,17461,726,2034
7669,92,4,85,3,20313,17546,730,2037
7670,90,2,89,-1,20403,17635,732,2036
7671,93,3,90,0,20496,17725,735,2036
7672,95,3,81,11,20591,17806,738,2047
7673,91,2,89,0,20682,17895,740,2047
7674,92,2,77,13,20774,17972,742,2060
7675,91,1,88,2,20865,18060,743,2062
7676,97,2,92,3,20962,18152,745,2065
7677,136,3,101,32,21098,18253,748,2097
7678,135,5,104,26,21233,18357,753,2123
7679,126,3,112,11,21359,18469,756,2134
7680,115,4,109,2,21474,18578,760,2136
7681,99,2,107,-10,21573,18685,762,2126
7682,169,0,140,29,21742,18825,762,2155
7683,146,3,121,22,21888,18946,765,2177
7684,174,2,138,34,22062,19084,767,2211
7685,224,4,104,116,22286,19188,771,2327
7686,131,2,113,16,22417,19301,773,2343
7687,168,4,104,60,22585,19405,777,2403
7688,154,0,105,49,22739,19510,777,2452
7689,126,4,107,15,22865,19617,781,2467
7690,134,5,117,12,22999,19734,786,2479
7691,109,3,71,35,23108,19805,789,2514
7692,128,5,174,-51,23236,19979,794,2463
7693,99,4,149,-54,23335,20128,798,2409
7694,127,5,115,7,23462,20243,803,2416
7695,99,2,117,-20,23561,20360,805,2396
7696,97,3,98,-4,23658,20458,808,2392
7697,97,5,106,-14,23755,20564,813,2378
7698,139,6,107,26,23894,20671,819,2404
7699,122,1,100,21,24016,20771,820,2425
7700,153,4,107,42,24169,20878,824,2467
7701,130,5,116,9,24299,20994,829,2476
7702,119,3,118,-2,24418,21112,832,2474
7703,110,5,107,-2,24528,21219,837,2472
7704,138,1,101,36,24666,21320,838,2508
7705,129,3,108,18,24795,21428,841,2526
7706,134,4,119,11,24929,21547,845,2537
7707,136,2,116,18,25065,21663,847,2555
7708,99,4,127,-32,25164,21790,851,2523
7709,87,3,90,-6,25251,21880,854,2517
7710,78,2,88,-12,25329,21968,856,2505
7711,94,3,97,-6,25423,22065,859,2499
7712,98,6,91,1,25521,22156,865,2500
7713,90,0,86,4,25611,22242,865,2504
7714,92,2,93,-3,25703,22335,867,2501
7715,83,4,79,0,25786,22414,871,2501
7716,91,2,86,3,25877,22500,873,2504
7717,88,3,90,-5,25965,22590,876,2499
7718,102,5,92,5,26067,22682,881,2504
7719,79,2,85,-8,26146,22767,883,2496
7720,88,5,92,-9,26234,22859,888,2487
7721,87,1,85,1,26321,22944,889,2488
7722,85,2,98,-15,26406,23042,891,2473
7723,86,3,83,0,26492,23125,894,2473
7724,53,3,60,-10,26545,23185,897,2463
7725,85,2,81,2,26630,23266,899,2465
7726,97,0,71,26,26727,23337,899,2491
7727,91,1,74,16,26818,23411,900,2507
7728,74,0,95,-21,26892,23506,900,2486
7729,79,1,80,-2,26971,23586,901,2484
7730,80,3,76,1,27051,23662,904,2485
7731,69,2,86,-19,27120,23748,906,2466
7732,74,1,78,-5,27194,23826,907,2461
7733,69,2,73,-6,27263,23899,909,2455
7734,95,3,92,0,27358,23991,912,2455
7735,65,2,74,-11,27423,24065,914,2444
7736,61,1,81,-21,27484,24146,915,2423
7737,64,3,78,-17,27548,24224,918,2406
7738,73,1,82,-10,27621,24306,919,2396
7739,74,0,75,-1,27695,24381,919,2395
7740,77,5,74,-2,27772,24455,924,2393
7741,76,1,96,-21,27848,24551,925,2372
7742,71,2,81,-12,27919,24632,927,2360
7743,79,1,77,1,27998,24709,928,2361
7744,78,2,84,-8,28076,24793,930,2353
7745,75,2,73,0,28151,24866,932,2353
7746,69,3,76,-10,28220,24942,935,2343
7747,67,2,70,-5,28287,25012,937,2338
7748,60,3,71,-14,28347,25083,940,2324
7749,68,1,74,-7,28415,25157,941,2317
7750,66,3,68,-5,28481,25225,944,2312
7751,63,1,74,-12,28544,25299,945,2300
7752,61,1,69,-9,28605,25368,946,2291
7753,69,3,61,5,28674,25429,949,2296
7754,67,2,67,-2,28741,25496,951,2294
7755,68,1,60,7,28809,25556,952,2301
7756,66,1,66,-1,28875,25622,953,2300
7757,65,5,64,-4,28940,25686,958,2296
7758,64,0,56,8,29004,25742,958,2304
7759,62,4,65,-7,29066,25807,962,2297
7760,69,1,60,8,29135,25867,963,2305
7761,63,2,68,-7,29198,25935,965,2298
7762,66,2,61,3,29264,25996,967,2301
7763,67,1,58,8,29331,26054,968,2309
7764,68,1,64,3,29399,26118,969,2312
7765,59,4,56,-1,29458,26174,973,2311
7766,64,2,59,3,29522,26233,975,2314
7767,68,1,60,7,29590,26293,976,2321
7768,63,0,65,-2,29653,26358,976,2319
7769,71,2,64,5,29724,26422,978,2324
7770,81,4,60,17,29805,26482,982,2341
7771,95,1,76,18,29900,26558,983,2359
7772,82,3,73,6,29982,26631,986,2365
7773,76,2,75,-1,30058,26706,988,2364
7774,89,4,80,5,30147,26786,992,2369
7775,83,2,73,8,30230,26859,994,2377
7776,78,3,77,-2,30308,26936,997,2375
7777,82,1,70,11,30390,27006,998,2386
7778,86,2,67,17,30476,27073,1000,2403
7779,76,3,76,-3,30552,27149,1003,2400
7780,80,4,73,3,30632,27222,1007,2403
7781,91,2,64,25,30723,27286,1009,2428
7782,95,2,101,-8,30818,27387,1011,2420
7783,92,1,112,-21,30910,27499,1012,2399
7784,98,1,83,14,31008,27582,1013,2413
7785,97,4,109,-16,31105,27691,1017,2397
7786,87,6,76,5,31192,27767,1023,2402
7787,84,3,68,13,31276,27835,1026,2415
7788,99,2,96,1,31375,27931,1028,2416
7789,97,4,73,20,31472,28004,1032,2436
7790,85,3,78,4,31557,28082,1035,2440
7791,95,2,114,-21,31652,28196,1037,2419
7792,89,3,77,9,31741,28273,1040,2428
7793,82,5,81,-4,31823,28354,1045,2424
7794,72,1,71,0,31895,28425,1046,2424
7795,98,6,83,9,31993,28508,1052,2433
7796,95,1,79,15,32088,28587,1053,2448
7797,93,0,84,9,32181,28671,1053,2457
7798,96,0,98,-2,32277,28769,1053,2455
7799,97,5,76,16,32374,28845,1058,2471
7800,80,7,77,-4,32454,28922,1065,2467
7801,74,3,89,-18,32528,29011,1068,2449
7802,99,6,96,-3,32627,29107,1074,2446
7803,95,3,102,-10,32722,29209,1077,2436
7804,93,5,88,0,32815,29297,1082,2436
7805,211,4,87,120,33026,29384,1086,2556
7806,115,6,103,6,33141,29487,1092,2562
7807,99,3,92,4,33240,29579,1095,2566
7808,73,7,97,-31,33313,29676,1102,2535
7809,193,9,120,64,33506,29796,1111,2599
7810,121,5,115,1,33627,29911,1116,2600
7811,136,6,97,33,33763,30008,1122,2633
7812,162,9,107,46,33925,30115,1131,2679
7813,137,7,121,9,34062,30236,1138,2688
7814,122,6,110,6,34184,30346,1144,2694
7815,108,1,124,-17,34292,30470,1145,2677
7816,280,3,139,138,34572,30609,1148,2815
7817,298,10,183,105,34870,30792,1158,2920
7818,146,6,170,-30,35016,30962,1164,2890
7819,185,7,166,12,35201,31128,1171,2902
7820,190,1,165,24,35391,31293,1172,2926
7821,220,3,135,82,35611,31428,1175,3008
7822,119,5,117,-3,35730,31545,1180,3005
7823,208,3,174,31,35938,31719,1183,3036
7824,146,2,260,-116,36084,31979,1185,2920
7825,189,5,136,48,36273,32115,1190,2968
7826,174,4,196,-26,36447,32311,1194,2942
7827,119,3,137,-21,36566,32448,1197,2921
7828,149,3,154,-8,36715,32602,1200,2913
7829,132,5,127,0,36847,32729,1205,2913
7830,136,4,136,-4,36983,32865,1209,2909
7831,256,9,300,-53,37239,33165,1218,2856
7832,190,2,142,46,37429,33307,1220,2902
7833,275,6,199,70,37704,33506,1226,2972
7834,336,5,241,90,38040,33747,1231,3062
7835,284,6,161,117,38324,33908,1237,3179
7836,282,5,149,128,38606,34057,1242,3307
7837,344,11,163,170,38950,34220,1253,3477
7838,810,10,202,598,39760,34422,1263,4075
7839,896,12,165,719,40656,34587,1275,4794
7840,1129,15,174,940,41785,34761,1290,5734
7841,936,9,175,752,42721,34936,1299,6486
7842,1004,12,207,785,43725,35143,1311,7271
7843,814,14,217,583,44539,35360,1325,7854
7844,611,8,202,401,45150,35562,1333,8255
7845,903,19,178,706,46053,35740,1352,8961
7846,951,4,200,747,47004,35940,1356,9708
7847,1235,3,323,909,48239,36263,1359,10617
7848,1521,3,397,1121,49760,36660,1362,11738
7849,1276,2,659,615,51036,37319,1364,12353
7850,1031,20,396,615,52067,37715,1384,12968
7851,1028,9,511,508,53095,38226,1393,13476
7852,1408,17,550,841,54503,38776,1410,14317
7853,1588,23,535,1030,56091,39311,1433,15347
7854,1588,13,409,1166,57679,39720,1446,16513
7855,1425,14,418,993,59104,40138,1460,17506
7856,1417,11,359,1047,60521,40497,1471,18553
7857,1179,31,408,740,61700,40905,1502,19293
7858,651,21,432,198,62351,41337,1523,19491
7859,1434,14,538,882,63785,41875,1537,20373
7860,1656,35,826,795,65441,42701,1572,21168
7861,1556,15,837,704,66997,43538,1587,21872
7862,2045,24,1005,1016,69042,44543,1611,22888
7863,1405,23,416,966,70447,44959,1634,23854
7864,1406,35,505,866,71853,45464,1669,24720
7865,1035,28,666,341,72888,46130,1697,25061
7866,1753,46,877,830,74641,47007,1743,25891
7867,1472,37,683,752,76113,47690,1780,26643
7868,1314,33,862,419,77427,48552,1813,27062
7869,1284,40,1252,-8,78711,49804,1853,27054
7870,1452,17,771,664,80163,50575,1870,27718
7871,1246,40,541,665,81409,51116,1910,28383
7872,821,33,950,-162,82230,52066,1943,28221
7873,1172,11,1076,85,83402,53142,1954,28306
7874,869,49,1502,-682,84271,54644,2003,27624
7875,0,7,153,-160,84271,54797,2010,27464
7876,2,0,0,2,84273,54797,2010,27466
7877,1,0,0,1,1,0,0,1
7878,0,0,0,0,1,0,0,1
7879,0,0,0,0,1,0,0,1
7880,0,0,0,0,1,0,0,1
7881,1,0,1,0,2,1,0,1
7882,0,0,0,0,2,1,0,1
7883,0,0,0,0,2,1,0,1
7884,0,1,0,-1,2,1,1,0
7885,0,0,0,0,2,1,1,0
7886,1,1,0,0,3,1,2,0
7887,0,0,0,0,3,1,2,0
7888,1,0,0,1,4,1,2,1
7889,0,0,0,0,4,1,2,1
7890,0,0,0,0,4,1,2,1
7891,2,0,1,1,6,2,2,2
7892,5,0,0,5,11,2,2,7
7893,6,0,1,5,17,3,2,12
7894,0,1,0,-1,17,3,3,11
7895,0,0,0,0,17,3,3,11
7896,5,0,0,5,22,3,3,16
7897,1,0,0,1,23,3,3,17
7898,3,0,1,2,26,4,3,19
7899,1,0,0,1,27,4,3,20
7900,4,3,3,-2,31,7,6,18
7901,3,0,3,0,34,10,6,18
7902,3,0,3,0,37,13,6,18
7903,0,0,0,0,37,13,6,18
7904,1,0,5,-4,38,18,6,14
7905,16,0,0,16,54,18,6,30
7906,5,0,4,1,59,22,6,31
7907,1,0,0,1,60,22,6,32
7908,1,0,0,1,61,22,6,33
7909,1,1,3,-3,62,25,7,30
7910,3,0,2,1,65,27,7,31
7911,1,0,1,0,66,28,7,31
7912,2,0,0,2,68,28,7,33
7913,3,0,3,0,71,31,7,33
7914,3,0,5,-2,74,36,7,31
7915,1,0,1,0,75,37,7,31
7916,1,0,0,1,76,37,7,32
7917,2,0,0,2,78,37,7,34
7918,3,0,0,3,81,37,7,37
7919,1,0,2,-1,82,39,7,36
7920,10,0,1,9,92,40,7,45
7921,1,0,3,-2,93,43,7,43
7922,1,0,0,1,94,43,7,44
7923,9,0,5,4,103,48,7,48
7924,10,0,0,10,113,48,7,58
7925,1,0,0,1,114,48,7,59
7926,0,0,4,-4,114,52,7,55
7927,6,0,1,5,120,53,7,60
7928,1,0,5,-4,121,58,7,56
7929,15,0,1,14,136,59,7,70
7930,6,0,0,6,142,59,7,76
7931,3,0,2,1,145,61,7,77
7932,7,0,0,7,152,61,7,84
7933,6,1,6,-1,158,67,8,83
7934,10,0,0,10,168,67,8,93
7935,12,0,1,11,180,68,8,104
7936,4,0,7,-3,184,75,8,101
7937,3,0,12,-9,187,87,8,92
7938,6,0,1,5,193,88,8,97
7939,5,0,3,2,198,91,8,99
7940,1,0,3,-2,199,94,8,97
7941,7,0,12,-5,206,106,8,92
7942,2,0,8,-6,208,114,8,86
7943,6,0,7,-1,214,121,8,85
7944,5,0,2,3,219,123,8,88
7945,5,0,6,-1,224,129,8,87
7946,1,0,4,-3,225,133,8,84
7947,0,0,1,-1,225,134,8,83
7948,0,0,4,-4,225,138,8,79
7949,2,0,9,-7,227,147,8,72
7950,0,0,8,-8,227,155,8,64
7951,2,0,6,-4,229,161,8,60
7952,3,0,1,2,232,162,8,62
7953,3,0,7,-4,235,169,8,58
7954,1,0,0,1,236,169,8,59
7955,0,0,1,-1,236,170,8,58
7956,0,0,1,-1,236,171,8,57
7957,0,0,3,-3,236,174,8,54
7958,1,0,6,-5,237,180,8,49
7959,4,0,5,-1,241,185,8,48
7960,2,0,2,0,243,187,8,48
7961,3,0,7,-4,246,194,8,44
7962,2,0,0,2,248,194,8,46
7963,1,0,1,0,249,195,8,46
7964,2,0,5,-3,251,200,8,43
7965,10,0,5,5,261,205,8,48
7966,2,0,6,-4,263,211,8,44
7967,5,0,1,4,268,212,8,48
7968,3,0,2,1,271,214,8,49
7969,1,0,4,-3,272,218,8,46
7970,3,0,2,1,275,220,8,47
7971,0,0,7,-7,275,227,8,40
7972,1,0,4,-3,276,231,8,37
7973,8,0,0,8,284,231,8,45
7974,3,0,7,-4,287,238,8,41
7975,0,0,0,0,287,238,8,41
7976,3,0,5,-2,290,243,8,39
7977,1,0,13,-12,291,256,8,27
7978,7,0,3,4,298,259,8,31
7979,3,0,3,0,301,262,8,31
7980,2,0,1,1,303,263,8,32
7981,2,0,1,1,305,264,8,33
7982,0,0,1,-1,305,265,8,32
7983,7,0,1,6,312,266,8,38
7984,1,0,3,-2,313,269,8,36
7985,6,1,4,1,319,273,9,37
7986,4,0,3,1,323,276,9,38
7987,1,0,1,0,324,277,9,38
7988,6,0,0,6,330,277,9,44
7989,8,0,5,3,338,282,9,47
7990,7,0,3,4,345,285,9,51
7991,3,1,1,1,348,286,10,52
7992,7,0,4,3,355,290,10,55
7993,7,0,3,4,362,293,10,59
7994,7,0,1,6,369,294,10,65
7995,1,0,3,-2,370,297,10,63
7996,8,0,8,0,378,305,10,63
7997,8,1,5,2,386,310,11,65
7998,9,0,3,6,395,313,11,71
7999,8,0,0,8,403,313,11,79
8000,4,0,2,2,407,315,11,81
8001,8,0,8,0,415,323,11,81
8002,15,1,0,14,430,323,12,95
8003,6,1,3,2,436,326,13,97
8004,28,1,3,24,464,329,14,121
8005,21,2,1,18,485,330,16,139
8006,10,0,4,6,495,334,16,145
8007,23,1,6,16,518,340,17,161
8008,17,1,6,10,535,346,18,171
8009,7,1,0,6,542,346,19,177
8010,15,0,4,11,557,350,19,188
8011,14,1,5,8,571,355,20,196
8012,15,0,12,3,586,367,20,199
8013,23,0,14,9,609,381,20,208
8014,64,0,17,47,673,398,20,255
8015,67,1,11,55,740,409,21,310
8016,19,0,10,9,759,419,21,319
8017,12,0,13,-1,771,432,21,318
8018,12,0,14,-2,783,446,21,316
8019,17,0,29,-12,800,475,21,304
8020,18,0,20,-2,818,495,21,302
8021,19,0,29,-10,837,524,21,292
8022,16,2,27,-13,853,551,23,279
8023,8,1,18,-11,861,569,24,268
8024,14,1,23,-10,875,592,25,258
8025,4,0,16,-12,879,608,25,246
8026,20,1,25,-6,899,633,26,240
8027,11,0,13,-2,910,646,26,238
8028,35,2,12,21,945,658,28,259
8029,46,0,4,42,991,662,28,301
8030,33,0,13,20,1024,675,28,321
8031,16,0,7,9,1040,682,28,330
8032,18,1,13,4,1058,695,29,334
8033,31,0,18,13,1089,713,29,347
8034,48,2,52,-6,1137,765,31,341
8035,25,1,28,-4,1162,793,32,337
8036,15,1,15,-1,1177,808,33,336
8037,15,0,18,-3,1192,826,33,333
8038,14,1,20,-7,1206,846,34,326
8039,42,0,11,31,1248,857,34,357
8040,16,2,35,-21,1264,892,36,336
8041,42,0,31,11,1306,923,36,347
8042,20,0,24,-4,1326,947,36,343
8043,47,1,21,25,1373,968,37,368
8044,24,0,8,16,1397,976,37,384
8045,28,2,50,-24,1425,1026,39,360
8046,20,0,10,10,1445,1036,39,370
8047,29,2,25,2,1474,1061,41,372
8048,33,2,14,17,1507,1075,43,389
8049,18,1,21,-4,1525,1096,44,385
8050,21,1,20,0,1546,1116,45,385
8051,11,1,41,-31,1557,1157,46,354
8052,14,0,32,-18,1571,1189,46,336
8053,24,1,27,-4,1595,1216,47,332
8054,50,1,52,-3,1645,1268,48,329
8055,50,1,30,19,1695,1298,49,348
8056,49,1,15,33,1744,1313,50,381
8057,43,0,12,31,1787,1325,50,412
8058,49,2,7,40,1836,1332,52,452
8059,33,1,23,9,1869,1355,53,461
8060,26,0,15,11,1895,1370,53,472
8061,48,0,50,-2,1943,1420,53,470
8062,41,0,20,21,1984,1440,53,491
8063,53,0,31,22,2037,1471,53,513
8064,74,1,20,53,2111,1491,54,566
8065,70,4,15,51,2181,1506,58,617
8066,64,2,37,25,2245,1543,60,642
8067,67,0,35,32,2312,1578,60,674
8068,63,1,56,6,2375,1634,61,680
8069,22,3,18,1,2397,1652,64,681
8070,61,0,25,36,2458,1677,64,717
8071,41,0,40,1,2499,1717,64,718
8072,20,1,26,-7,2519,1743,65,711
8073,39,0,53,-14,2558,1796,65,697
8074,49,2,59,-12,2607,1855,67,685
8075,36,0,29,7,2643,1884,67,692
8076,37,2,49,-14,2680,1933,69,678
8077,20,4,23,-7,2700,1956,73,671
8078,72,1,19,52,2772,1975,74,723
8079,19,1,70,-52,2791,2045,75,671
8080,22,0,76,-54,2813,2121,75,617
8081,20,0,40,-20,2833,2161,75,597
8082,20,0,20,0,2853,2181,75,597
8083,51,1,9,41,2904,2190,76,638
8084,56,2,31,23,2960,2221,78,661
8085,69,0,13,56,3029,2234,78,717
8086,35,1,37,-3,3064,2271,79,714
8087,43,1,83,-41,3107,2354,80,673
8088,38,1,39,-2,3145,2393,81,671
8089,26,2,20,4,3171,2413,83,675
8090,45,2,55,-12,3216,2468,85,663
8091,45,0,32,13,3261,2500,85,676
8092,24,0,48,-24,3285,2548,85,652
8093,40,1,64,-25,3325,2612,86,627
8094,18,0,75,-57,3343,2687,86,570
8095,13,0,51,-38,3356,2738,86,532
8096,33,2,20,11,3389,2758,88,543
8097,45,0,19,26,3434,2777,88,569
8098,28,0,25,3,3462,2802,88,572
8099,44,0,36,8,3506,2838,88,580
8100,44,0,68,-24,3550,2906,88,556
8101,26,0,29,-3,3576,2935,88,553
8102,41,1,32,8,3617,2967,89,561
8103,45,1,41,3,3662,3008,90,564
8104,82,1,51,30,3744,3059,91,594
8105,59,1,60,-2,3803,3119,92,592
8106,32,1,23,8,3835,3142,93,600
8107,16,0,13,3,3851,3155,93,603
8108,32,1,49,-18,3883,3204,94,585
8109,49,1,22,26,3932,3226,95,611
8110,40,2,47,-9,3972,3273,97,602
8111,168,2,30,136,4140,3303,99,738
8112,25,1,31,-7,4165,3334,100,731
8113,38,2,48,-12,4203,3382,102,719
8114,34,1,32,1,4237,3414,103,720
8115,32,2,62,-32,4269,3476,105,688
8116,21,1,19,1,4290,3495,106,689
8117,30,1,44,-15,4320,3539,107,674
8118,79,3,24,52,4399,3563,110,726
8119,61,2,29,30,4460,3592,112,756
8120,51,1,23,27,4511,3615,113,783
8121,7,1,7,-1,4518,3622,114,782
8122,67,0,15,52,4585,3637,114,834
8123,90,1,30,59,4675,3667,115,893
8124,153,2,41,110,4828,3708,117,1003
8125,108,0,50,58,4936,3758,117,1061
8126,68,2,59,7,5004,3817,119,1068
8127,56,2,27,27,5060,3844,121,1095
8128,77,4,9,64,5137,3853,125,1159
8129,82,2,100,-20,5219,3953,127,1139
8130,84,6,40,38,5303,3993,133,1177
8131,150,3,143,4,5453,4136,136,1181
8132,103,1,61,41,5556,4197,137,1222
8133,89,3,30,56,5645,4227,140,1278
8134,138,4,53,81,5783,4280,144,1359
8135,139,1,51,87,5922,4331,145,1446
8136,41,0,66,-25,5963,4397,145,1421
8137,110,1,68,41,6073,4465,146,1462
8138,122,1,30,91,6195,4495,147,1553
8139,189,1,77,111,6384,4572,148,1664
8140,181,0,76,105,6565,4648,148,1769
8141,167,2,84,81,6732,4732,150,1850
8142,224,2,83,139,6956,4815,152,1989
8143,99,0,59,40,7055,4874,152,2029
8144,168,1,69,98,7223,4943,153,2127
8145,198,2,218,-22,7421,5161,155,2105
8146,191,7,104,80,7612,5265,162,2185
8147,157,3,116,38,7769,5381,165,2223
8148,227,1,99,127,7996,5480,166,2350
8149,151,2,130,19,8147,5610,168,2369
8150,111,1,57,53,8258,5667,169,2422
8151,160,3,107,50,8418,5774,172,2472
8152,218,3,71,144,8636,5845,175,2616
8153,224,2,60,162,8860,5905,177,2778
8154,211,2,199,10,9071,6104,179,2788
8155,216,3,74,139,9287,6178,182,2927
8156,210,8,203,-1,9497,6381,190,2926
8157,186,7,175,4,9683,6556,197,2930
8158,242,8,45,189,9925,6601,205,3119
8159,219,1,146,72,10144,6747,206,3191
8160,253,7,164,82,10397,6911,213,3273
8161,256,12,155,89,10653,7066,225,3362
8162,274,6,100,168,10927,7166,231,3530
8163,183,3,149,31,11110,7315,234,3561
8164,210,4,107,99,11320,7422,238,3660
8165,282,10,295,-23,11602,7717,248,3637
8166,296,11,339,-54,11898,8056,259,3583
8167,257,0,119,138,12155,8175,259,3721
8168,233,13,113,107,12388,8288,272,3828
8169,291,2,217,72,12679,8505,274,3900
8170,218,13,221,-16,12897,8726,287,3884
8171,146,3,133,10,13043,8859,290,3894
8172,297,3,45,249,13340,8904,293,4143
8173,272,4,290,-22,13612,9194,297,4121
8174,355,4,180,171,13967,9374,301,4292
8175,379,7,147,225,14346,9521,308,4517
8176,301,7,136,158,14647,9657,315,4675
8177,282,9,234,39,14929,9891,324,4714
8178,285,9,200,76,15214,10091,333,4790
8179,268,3,150,115,15482,10241,336,4905
8180,319,5,178,136,15801,10419,341,5041
8181,291,8,128,155,16092,10547,349,5196
8182,262,18,248,-4,16354,10795,367,5192
8183,302,12,298,-8,16656,11093,379,5184
8184,277,9,173,95,16933,11266,388,5279
8185,295,6,287,2,17228,11553,394,5281
8186,287,1,107,179,17515,11660,395,5460
8187,287,13,188,86,17802,11848,408,5546
8188,456,9,207,240,18258,12055,417,5786
8189,478,5,374,99,18736,12429,422,5885
8190,473,8,117,348,19209,12546,430,6233
8191,210,9,186,15,19419,12732,439,6248
8192,310,15,408,-113,19729,13140,454,6135
8193,325,6,311,8,20054,13451,460,6143
8194,427,15,383,29,20481,13834,475,6172
8195,359,9,383,-33,20840,14217,484,6139
8196,414,3,210,201,21254,14427,487,6340
8197,317,7,262,48,21571,14689,494,6388
8198,254,14,409,-169,21825,15098,508,6219
8199,222,7,260,-45,22047,15358,515,6174
8200,226,6,271,-51,22273,15629,521,6123
8201,312,4,312,-4,22585,15941,525,6119
8202,321,6,229,86,22906,16170,531,6205
8203,280,2,164,114,23186,16334,533,6319
8204,217,4,266,-53,23403,16600,537,6266
8205,145,3,215,-73,23548,16815,540,6193
8206,206,13,255,-62,23754,17070,553,6131
8207,228,4,328,-104,23982,17398,557,6027
8208,291,7,257,27,24273,17655,564,6054
8209,261,3,259,-1,24534,17914,567,6053
8210,278,11,175,92,24812,18089,578,6145
8211,113,9,370,-266,24925,18459,587,5879
8212,108,9,247,-148,25033,18706,596,5731
8213,135,5,139,-9,25168,18845,601,5722
8214,165,5,262,-102,25333,19107,606,5620
8215,229,3,227,-1,25562,19334,609,5619
8216,255,11,118,126,25817,19452,620,5745
8217,263,4,259,0,26080,19711,624,5745
8218,201,5,128,68,26281,19839,629,5813
8219,175,8,257,-90,26456,20096,637,5723
8220,138,7,227,-96,26594,20323,644,5627
8221,228,10,242,-24,26822,20565,654,5603
8222,201,6,253,-58,27023,20818,660,5545
8223,228,3,256,-31,27251,21074,663,5514
8224,174,4,223,-53,27425,21297,667,5461
8225,228,7,218,3,27653,21515,674,5464
8226,170,4,259,-93,27823,21774,678,5371
8227,144,4,274,-134,27967,22048,682,5237
8228,150,4,266,-120,28117,22314,686,5117
8229,229,7,160,62,28346,22474,693,5179
8230,228,5,280,-57,28574,22754,698,5122
8231,175,0,95,80,28749,22849,698,5202
8232,89,5,249,-165,28838,23098,703,5037
8233,149,4,105,40,28987,23203,707,5077
8234,167,6,161,0,29154,23364,713,5077
8235,176,2,190,-16,29330,23554,715,5061
8236,178,6,141,31,29508,23695,721,5092
8237,128,1,295,-168,29636,23990,722,4924
8238,203,0,170,33,29839,24160,722,4957
8239,188,3,259,-74,30027,24419,725,4883
8240,90,4,266,-180,30117,24685,729,4703
8241,140,3,151,-14,30257,24836,732,4689
8242,170,6,211,-47,30427,25047,738,4642
8243,270,1,74,195,30697,25121,739,4837
8244,257,6,125,126,30954,25246,745,4963
8245,161,3,200,-42,31115,25446,748,4921
8246,242,5,100,137,31357,25546,753,5058
8247,95,4,60,31,31452,25606,757,5089
8248,143,4,174,-35,31595,25780,761,5054
8249,205,3,220,-18,31800,26000,764,5036
8250,254,4,150,100,32054,26150,768,5136
8251,258,1,193,64,32312,26343,769,5200
8252,232,8,140,84,32544,26483,777,5284
8253,140,11,200,-71,32684,26683,788,5213
8254,127,6,179,-58,32811,26862,794,5155
8255,106,6,172,-72,32917,27034,800,5083
8256,283,5,238,40,33200,27272,805,5123
8257,272,4,231,37,33472,27503,809,5160
8258,176,5,280,-109,33648,27783,814,5051
8259,254,3,165,86,33902,27948,817,5137
8260,118,7,231,-120,34020,28179,824,5017
8261,123,2,183,-62,34143,28362,826,4955
8262,135,1,227,-93,34278,28589,827,4862
8263,233,7,207,19,34511,28796,834,4881
8264,272,1,200,71,34783,28996,835,4952
8265,220,5,210,5,35003,29206,840,4957
8266,222,6,151,65,35225,29357,846,5022
8267,230,7,177,46,35455,29534,853,5068
8268,130,6,203,-79,35585,29737,859,4989
8269,131,3,265,-137,35716,30002,862,4852
8270,232,7,231,-6,35948,30233,869,4846
8271,292,5,290,-3,36240,30523,874,4843
8272,221,5,267,-51,36461,30790,879,4792
8273,218,6,201,11,36679,30991,885,4803
8274,158,9,281,-132,36837,31272,894,4671
8275,143,6,225,-88,36980,31497,900,4583
8276,170,6,168,-4,37150,31665,906,4579
8277,210,4,243,-37,37360,31908,910,4542
8278,229,9,242,-22,37589,32150,919,4520
8279,257,8,274,-25,37846,32424,927,4495
8280,137,5,260,-128,37983,32684,932,4367
8281,149,4,262,-117,38132,32946,936,4250
8282,223,5,251,-33,38355,33197,941,4217
8283,184,2,225,-43,38539,33422,943,4174
8284,164,5,212,-53,38703,33634,948,4121
8285,292,5,200,87,38995,33834,953,4208
8286,259,2,313,-56,39254,34147,955,4152
8287,262,1,257,4,39516,34404,956,4156
8288,128,4,330,-206,39644,34734,960,3950
8289,180,5,308,-133,39824,35042,965,3817
8290,157,5,332,-180,39981,35374,970,3637
8291,159,11,254,-106,40140,35628,981,3531
8292,232,6,261,-35,40372,35889,987,3496
8293,229,5,319,-95,40601,36208,992,3401
8294,184,11,271,-98,40785,36479,1003,3303
8295,137,10,261,-134,40922,36740,1013,3169
8296,140,10,202,-72,41062,36942,1023,3097
8297,142,5,215,-78,41204,37157,1028,3019
8298,154,5,307,-158,41358,37464,1033,2861
8299,217,8,232,-23,41575,37696,1041,2838
8300,105,4,240,-139,41680,37936,1045,2699
8301,97,13,165,-81,41777,38101,1058,2618
8302,94,5,266,-177,41871,38367,1063,2441
8303,135,5,158,-28,42006,38525,1068,2413
8304,136,8,170,-42,42142,38695,1076,2371
8305,155,3,212,-60,42297,38907,1079,2311
8306,227,10,190,27,42524,39097,1089,2338
8307,269,10,225,34,42793,39322,1099,2372
8308,198,10,263,-75,42991,39585,1109,2297
8309,138,6,212,-80,43129,39797,1115,2217
8310,152,6,185,-39,43281,39982,1121,2178
8311,149,7,200,-58,43430,40182,1128,2120
8312,215,10,191,14,43645,40373,1138,2134
8313,190,6,191,-7,43835,40564,1144,2127
8314,186,7,204,-25,44021,40768,1151,2102
8315,180,4,195,-19,44201,40963,1155,2083
8316,211,9,169,33,44412,41132,1164,2116
8317,176,12,167,-3,44588,41299,1176,2113
8318,158,7,141,10,44746,41440,1183,2123
8319,219,9,178,32,44965,41618,1192,2155
8320,268,4,129,135,45233,41747,1196,2290
8321,206,7,145,54,45439,41892,1203,2344
8322,299,5,161,133,45738,42053,1208,2477
8323,150,6,107,37,45888,42160,1214,2514
8324,295,5,211,79,46183,42371,1219,2593
8325,253,5,207,41,46436,42578,1224,2634
8326,237,8,200,29,46673,42778,1232,2663
8327,304,7,210,87,46977,42988,1239,2750
8328,455,9,233,213,47432,43221,1248,2963
8329,417,9,217,191,47849,43438,1257,3154
8330,436,10,210,216,48285,43648,1267,3370
8331,466,8,226,232,48751,43874,1275,3602
8332,428,5,208,215,49179,44082,1280,3817
8333,438,17,211,210,49617,44293,1297,4027
8334,534,15,278,241,50151,44571,1312,4268
8335,595,18,270,307,50746,44841,1330,4575
8336,592,12,237,343,51338,45078,1342,4918
8337,638,10,275,353,51976,45353,1352,5271
8338,665,15,280,370,52641,45633,1367,5641
8339,662,12,218,432,53303,45851,1379,6073
8340,675,15,260,400,53978,46111,1394,6473
8341,694,17,273,404,54672,46384,1411,6877
8342,791,11,258,522,55463,46642,1422,7399
8343,783,16,277,490,56246,46919,1438,7889
8344,782,22,233,527,57028,47152,1460,8416
8345,831,19,308,504,57859,47460,1479,8920
8346,859,32,330,497,58718,47790,1511,9417
8347,850,18,390,442,59568,48180,1529,9859
8348,892,30,351,511,60460,48531,1559,10370
8349,895,37,365,493,61355,48896,1596,10863
8350,922,24,353,545,62277,49249,1620,11408
8351,1358,36,424,898,63635,49673,1656,12306
8352,1615,38,524,1053,65250,50197,1694,13359
8353,1465,32,623,810,66715,50820,1726,14169
8354,1386,52,779,555,68101,51599,1778,14724
8355,1370,32,800,538,69471,52399,1810,15262
8356,1424,38,918,468,70895,53317,1848,15730
8357,1665,44,902,719,72560,54219,1892,16449
8358,1809,37,718,1054,74369,54937,1929,17503
8359,1895,50,710,1135,76264,55647,1979,18638
8360,1731,47,782,902,77995,56429,2026,19540
8361,2731,39,842,1850,80726,57271,2065,21390
8362,2350,66,1044,1240,83076,58315,2131,22630
8363,2706,54,1027,1625,85782,59342,2185,24255
8364,1661,65,1235,361,87443,60577,2250,24616
8365,2522,85,1069,1368,89965,61646,2335,25984
8366,2119,48,779,1292,92084,62425,2383,27276
8367,1992,53,1333,606,94076,63758,2436,27882
8368,1872,69,1152,651,95948,64910,2505,28533
8369,1648,87,1038,523,97596,65948,2592,29056
8370,1978,88,1033,857,99574,66981,2680,29913
8371,1431,97,976,358,101005,67957,2777,30271
8372,1628,87,1093,448,102633,69050,2864,30719
8373,2145,59,1115,971,104778,70165,2923,31690
8374,2667,77,1017,1573,107445,71182,3000,33263
8375,2732,104,1125,1503,110177,72307,3104,34766
8376,2282,67,1242,973,112459,73549,3171,35739
8377,1920,58,1110,752,114379,74659,3229,36491
8378,1932,93,1811,28,116311,76470,3322,36519
8379,1522,76,1297,149,117833,77767,3398,36668
8380,1303,58,889,356,119136,78656,3456,37024
8381,1566,46,1508,12,120702,80164,3502,37036
8382,1445,85,1007,353,122147,81171,3587,37389
8383,1862,44,1125,693,124009,82296,3631,38082
8384,1461,59,1137,265,125470,83433,3690,38347
8385,1639,72,2090,-523,127109,85523,3762,37824
8386,1378,83,2116,-821,128487,87639,3845,37003
8387,1194,51,2090,-947,129681,89729,3896,36056
8388,733,59,3214,-2540,130414,92943,3955,33516
8389,1487,62,2648,-1223,131901,95591,4017,32293
8390,1510,52,3378,-1920,133411,98969,4069,30373
8391,1083,30,2770,-1717,134494,101739,4099,28656
8392,1243,65,2941,-1763,135737,104680,4164,26893
8393,1788,42,1460,286,137525,106140,4206,27179
8394,931,81,1318,-468,138456,107458,4287,26711
8395,702,36,1181,-515,139158,108639,4323,26196
8396,1106,44,2817,-1755,140264,111456,4367,24441
8397,634,33,2311,-1710,140898,113767,4400,22731
8398,2,0,0,2,2,0,0,2
8399,0,0,0,0,2,0,0,2
8400,0,0,0,0,2,0,0,2
8401,0,0,0,0,2,0,0,2
8402,0,0,0,0,2,0,0,2
8403,0,0,0,0,2,0,0,2
8404,6,0,0,6,8,0,0,8
8405,0,0,0,0,8,0,0,8
8406,0,0,0,0,8,0,0,8
8407,7,0,0,7,15,0,0,15
8408,0,0,0,0,15,0,0,15
8409,1,0,0,1,16,0,0,16
8410,0,0,0,0,16,0,0,16
8411,0,0,0,0,16,0,0,16
8412,0,1,0,-1,16,0,1,15
8413,0,0,0,0,16,0,1,15
8414,0,0,0,0,16,0,1,15
8415,0,0,0,0,16,0,1,15
8416,4,0,1,3,20,1,1,18
8417,8,0,1,7,28,2,1,25
8418,19,0,0,19,47,2,1,44
8419,3,0,0,3,50,2,1,47
8420,19,0,0,19,69,2,1,66
8421,4,0,0,4,73,2,1,70
8422,4,0,0,4,77,2,1,74
8423,0,0,0,0,77,2,1,74
8424,0,0,0,0,77,2,1,74
8425,0,0,0,0,77,2,1,74
8426,6,0,0,6,83,2,1,80
8427,6,0,0,6,89,2,1,86
8428,1,0,0,1,90,2,1,87
8429,2,0,0,2,92,2,1,89
8430,0,0,2,-2,92,4,1,87
8431,8,0,0,8,100,4,1,95
8432,15,0,1,14,115,5,1,109
8433,7,0,0,7,122,5,1,116
8434,0,0,0,0,122,5,1,116
8435,8,0,0,8,130,5,1,124
8436,1,0,1,0,131,6,1,124
8437,0,0,0,0,131,6,1,124
8438,0,0,0,0,131,6,1,124
8439,0,0,0,0,131,6,1,124
8440,0,0,0,0,131,6,1,124
8441,0,0,1,-1,131,7,1,123
8442,1,0,0,1,132,7,1,124
8443,0,0,5,-5,132,12,1,119
8444,6,0,6,0,138,18,1,119
8445,0,0,2,-2,138,20,1,117
8446,3,0,9,-6,141,29,1,111
8447,12,0,12,0,153,41,1,111
8448,2,0,0,2,155,41,1,113
8449,0,0,5,-5,155,46,1,108
8450,5,0,5,0,160,51,1,108
8451,0,0,0,0,160,51,1,108
8452,2,0,3,-1,162,54,1,107
8453,1,0,3,-2,163,57,1,105
8454,0,0,0,0,163,57,1,105
8455,1,0,2,-1,164,59,1,104
8456,0,0,7,-7,164,66,1,97
8457,0,1,3,-4,164,69,2,93
8458,1,0,0,1,165,69,2,94
8459,0,0,1,-1,165,70,2,93
8460,0,0,2,-2,165,72,2,91
8461,0,0,0,0,165,72,2,91
8462,0,0,0,0,165,72,2,91
8463,0,0,8,-8,165,80,2,83
8464,0,0,2,-2,165,82,2,81
8465,0,0,7,-7,165,89,2,74
8466,0,0,0,0,165,89,2,74
8467,2,0,5,-3,167,94,2,71
8468,1,0,14,-13,168,108,2,58
8469,1,0,11,-10,169,119,2,48
8470,0,0,10,-10,169,129,2,38
8471,1,0,1,0,170,130,2,38
8472,0,0,3,-3,170,133,2,35
8473,0,0,2,-2,170,135,2,33
8474,0,0,0,0,170,135,2,33
8475,0,0,2,-2,170,137,2,31
8476,0,0,0,0,170,137,2,31
8477,0,0,0,0,170,137,2,31
8478,1,0,8,-7,171,145,2,24
8479,0,0,0,0,171,145,2,24
8480,0,0,2,-2,171,147,2,22
8481,2,0,2,0,173,149,2,22
8482,2,0,0,2,175,149,2,24
8483,1,0,0,1,176,149,2,25
8484,1,0,0,1,177,149,2,26
8485,0,0,0,0,177,149,2,26
8486,2,0,2,0,179,151,2,26
8487,9,0,0,9,188,151,2,35
8488,9,0,0,9,197,151,2,44
8489,4,0,3,1,201,154,2,45
8490,0,0,3,-3,201,157,2,42
8491,3,0,0,3,204,157,2,45
8492,2,0,2,0,206,159,2,45
8493,0,0,5,-5,206,164,2,40
8494,0,0,1,-1,206,165,2,39
8495,0,0,6,-6,206,171,2,33
8496,0,0,3,-3,206,174,2,30
8497,0,0,0,0,206,174,2,30
8498,0,0,0,0,206,174,2,30
8499,0,0,3,-3,206,177,2,27
8500,0,0,1,-1,206,178,2,26
8501,8,0,9,-1,214,187,2,25
8502,0,0,1,-1,214,188,2,24
8503,0,0,0,0,214,188,2,24
8504,0,0,0,0,214,188,2,24
8505,1,0,0,1,215,188,2,25
8506,0,0,0,0,215,188,2,25
8507,0,0,0,0,215,188,2,25
8508,0,0,1,-1,215,189,2,24
8509,1,0,2,-1,216,191,2,23
8510,0,0,1,-1,216,192,2,22
8511,0,0,0,0,216,192,2,22
8512,1,0,17,-16,217,209,2,6
8513,0,0,0,0,217,209,2,6
8514,0,0,0,0,217,209,2,6
8515,1,0,0,1,218,209,2,7
8516,0,0,2,-2,218,211,2,5
8517,48,0,1,47,266,212,2,52
8518,0,0,0,0,266,212,2,52
8519,0,0,2,-2,266,214,2,50
8520,2,0,0,2,268,214,2,52
8521,0,0,0,0,268,214,2,52
8522,12,0,0,12,280,214,2,64
8523,3,0,0,3,283,214,2,67
8524,1,0,0,1,284,214,2,68
8525,0,0,0,0,284,214,2,68
8526,0,0,1,-1,284,215,2,67
8527,3,0,50,-47,287,265,2,20
8528,0,0,0,0,287,265,2,20
8529,4,0,0,4,291,265,2,24
8530,0,0,0,0,291,265,2,24
8531,1,0,0,1,292,265,2,25
8532,2,0,1,1,294,266,2,26
8533,2,0,13,-11,296,279,2,15
8534,3,0,0,3,299,279,2,18
8535,4,0,0,4,303,279,2,22
8536,9,0,7,2,312,286,2,24
8537,0,0,0,0,312,286,2,24
8538,13,0,0,13,325,286,2,37
8539,3,0,0,3,328,286,2,40
8540,1,0,2,-1,329,288,2,39
8541,0,0,6,-6,329,294,2,33
8542,3,0,4,-1,332,298,2,32
8543,5,0,0,5,337,298,2,37
8544,2,0,0,2,339,298,2,39
8545,1,0,9,-8,340,307,2,31
8546,9,0,4,5,349,311,2,36
8547,8,0,3,5,357,314,2,41
8548,3,0,2,1,360,316,2,42
8549,1,0,2,-1,361,318,2,41
8550,0,0,2,-2,361,320,2,39
8551,12,0,3,9,373,323,2,48
8552,6,0,1,5,379,324,2,53
8553,3,0,1,2,382,325,2,55
8554,2,0,4,-2,384,329,2,53
8555,8,0,6,2,392,335,2,55
8556,4,0,1,3,396,336,2,58
8557,26,0,15,11,422,351,2,69
8558,4,0,5,-1,426,356,2,68
8559,9,0,3,6,435,359,2,74
8560,8,0,0,8,443,359,2,82
8561,5,0,1,4,448,360,2,86
8562,7,0,7,0,455,367,2,86
8563,1,0,1,0,456,368,2,86
8564,2,0,6,-4,458,374,2,82
8565,2,0,4,-2,460,378,2,80
8566,5,1,1,3,465,379,3,83
8567,4,0,6,-2,469,385,3,81
8568,5,0,9,-4,474,394,3,77
8569,5,0,0,5,479,394,3,82
8570,2,0,10,-8,481,404,3,74
8571,2,0,8,-6,483,412,3,68
8572,2,0,4,-2,485,416,3,66
8573,3,0,5,-2,488,421,3,64
8574,1,0,0,1,489,421,3,65
8575,3,0,2,1,492,423,3,66
8576,11,0,6,5,503,429,3,71
8577,29,0,4,25,532,433,3,96
8578,18,0,1,17,550,434,3,113
8579,6,1,14,-9,556,448,4,104
8580,7,0,0,7,563,448,4,111
8581,6,0,2,4,569,450,4,115
8582,4,0,0,4,573,450,4,119
8583,2,0,1,1,575,451,4,120
8584,2,0,44,-42,577,495,4,78
8585,6,0,7,-1,583,502,4,77
8586,6,0,1,5,589,503,4,82
8587,7,0,21,-14,596,524,4,68
8588,7,1,4,2,603,528,5,70
8589,2,0,3,-1,605,531,5,69
8590,5,0,19,-14,610,550,5,55
8591,13,0,3,10,623,553,5,65
8592,6,0,2,4,629,555,5,69
8593,3,0,4,-1,632,559,5,68
8594,5,0,7,-2,637,566,5,66
8595,8,0,2,6,645,568,5,72
8596,4,0,0,4,649,568,5,76
8597,13,0,6,7,662,574,5,83
8598,11,0,10,1,673,584,5,84
8599,0,0,4,-4,673,588,5,80
8600,14,0,5,9,687,593,5,89
8601,4,0,4,0,691,597,5,89
8602,23,1,13,9,714,610,6,98
8603,1,0,9,-8,715,619,6,90
8604,0,0,0,0,715,619,6,90
8605,20,1,9,10,735,628,7,100
8606,17,0,5,12,752,633,7,112
8607,9,0,12,-3,761,645,7,109
8608,5,0,9,-4,766,654,7,105
8609,14,0,8,6,780,662,7,111
8610,2,0,2,0,782,664,7,111
8611,9,0,8,1,791,672,7,112
8612,14,0,7,7,805,679,7,119
8613,9,0,4,5,814,683,7,124
8614,7,0,0,7,821,683,7,131
8615,1,0,18,-17,822,701,7,114
8616,4,0,15,-11,826,716,7,103
8617,3,1,6,-4,829,722,8,99
8618,12,1,7,4,841,729,9,103
8619,15,0,3,12,856,732,9,115
8620,16,0,20,-4,872,752,9,111
8621,7,1,7,-1,879,759,10,110
8622,11,0,14,-3,890,773,10,107
8623,3,0,10,-7,893,783,10,100
8624,4,0,3,1,897,786,10,101
8625,6,0,7,-1,903,793,10,100
8626,12,0,9,3,915,802,10,103
8627,13,1,0,12,928,802,11,115
8628,6,0,7,-1,934,809,11,114
8629,24,0,20,4,958,829,11,118
8630,20,0,14,6,978,843,11,124
8631,2,0,0,2,980,843,11,126
8632,15,0,10,5,995,853,11,131
8633,14,0,0,14,1009,853,11,145
8634,0,0,3,-3,1009,856,11,142
8635,48,0,1,47,1057,857,11,189
8636,31,0,0,31,1088,857,11,220
8637,48,4,15,29,1136,872,15,249
8638,10,0,22,-12,1146,894,15,237
8639,89,0,14,75,1235,908,15,312
8640,48,0,1,47,1283,909,15,359
8641,37,1,12,24,1320,921,16,383
8642,57,1,10,46,1377,931,17,429
8643,33,0,6,27,1410,937,17,456
8644,31,0,12,19,1441,949,17,475
8645,24,1,32,-9,1465,981,18,466
8646,58,0,14,44,1523,995,18,510
8647,69,0,21,48,1592,1016,18,558
8648,30,0,6,24,1622,1022,18,582
8649,32,0,48,-16,1654,1070,18,566
8650,61,0,0,61,1715,1070,18,627
8651,120,1,27,92,1835,1097,19,719
8652,46,1,1,44,1881,1098,20,763
8653,36,3,0,33,1917,1098,23,796
8654,31,0,78,-47,1948,1176,23,749
8655,58,1,0,57,2006,1176,24,806
8656,71,1,0,70,2077,1176,25,876
8657,85,1,15,69,2162,1191,26,945
8658,44,0,62,-18,2206,1253,26,927
8659,88,0,45,43,2294,1298,26,970
8660,74,2,7,65,2368,1305,28,1035
8661,95,0,8,87,2463,1313,28,1122
8662,79,0,0,79,2542,1313,28,1201
8663,85,2,76,7,2627,1389,30,1208
8664,60,0,101,-41,2687,1490,30,1167
8665,119,4,37,78,2806,1527,34,1245
8666,99,0,0,99,2905,1527,34,1344
8667,44,2,41,1,2949,1568,36,1345
8668,87,0,0,87,3036,1568,36,1432
8669,43,0,71,-28,3079,1639,36,1404
8670,90,0,39,51,3169,1678,36,1455
8671,56,0,0,56,3225,1678,36,1511
8672,91,0,0,91,3316,1678,36,1602
8673,202,4,10,188,3518,1688,40,1790
8674,166,0,1,165,3684,1689,40,1955
8675,56,17,329,-290,3740,2018,57,1665
8676,54,0,27,27,3794,2045,57,1692
8677,35,1,102,-68,3829,2147,58,1624
8678,50,0,120,-70,3879,2267,58,1554
8679,114,0,0,114,3993,2267,58,1668
8680,166,0,1,165,4159,2268,58,1833
8681,89,5,1,83,4248,2269,63,1916
8682,205,0,123,82,4453,2392,63,1998
8683,178,2,69,107,4631,2461,65,2105
8684,63,0,1,62,4694,2462,65,2167
8685,82,0,3,79,4776,2465,65,2246
8686,67,0,0,67,4843,2465,65,2313
8687,134,0,1,133,4977,2466,65,2446
8688,162,0,0,162,5139,2466,65,2608
8689,134,0,3,131,5273,2469,65,2739
8690,79,0,0,79,5352,2469,65,2818
8691,62,0,1,61,5414,2470,65,2879
8692,191,0,0,191,5605,2470,65,3070
8693,25,0,1,24,5630,2471,65,3094
8694,40,0,0,40,5670,2471,65,3134
8695,188,0,1,187,5858,2472,65,3321
8696,191,1,0,190,6049,2472,66,3511
8697,49,0,1,48,6098,2473,66,3559
8698,84,0,78,6,6182,2551,66,3565
8699,243,0,0,243,6425,2551,66,3808
8700,76,0,0,76,6501,2551,66,3884
8701,84,1,190,-107,6585,2741,67,3777
8702,110,6,555,-451,6695,3296,73,3326
8703,61,12,794,-745,6756,4090,85,2581
8704,45,2,111,-68,6801,4201,87,2513
8705,23,3,280,-260,6824,4481,90,2253
8706,201,1,95,105,7025,4576,91,2358
8707,15,0,0,15,7040,4576,91,2373
8708,108,8,90,10,7148,4666,99,2383
8709,114,1,183,-70,7262,4849,100,2313
8710,278,5,55,218,7540,4904,105,2531
8711,71,1,42,28,7611,4946,106,2559
8712,50,1,35,14,7661,4981,107,2573
8713,188,0,0,188,7849,4981,107,2761
8714,63,0,0,63,7912,4981,107,2824
8715,134,0,55,79,8046,5036,107,2903
8716,104,0,0,104,8150,5036,107,3007
8717,55,4,28,23,8205,5064,111,3030
8718,63,0,237,-174,8268,5301,111,2856
8719,65,6,157,-98,8333,5458,117,2758
8720,139,0,0,139,8472,5458,117,2897
8721,79,0,0,79,8551,5458,117,2976
8722,185,6,63,116,8736,5521,123,3092
8723,75,0,0,75,8811,5521,123,3167
8724,60,1,11,48,8871,5532,124,3215
8725,120,0,1,119,8991,5533,124,3334
8726,60,0,73,-13,9051,5606,124,3321
8727,20,0,90,-70,9071,5696,124,3251
8728,11,0,0,11,9082,5696,124,3262
8729,95,1,58,36,9177,5754,125,3298
8730,193,8,362,-177,9370,6116,133,3121
8731,8,8,923,-923,9378,7039,141,2198
8732,47,1,117,-71,9425,7156,142,2127
8733,12,3,49,-40,9437,7205,145,2087
8734,185,0,1,184,9622,7206,145,2271
8735,72,0,0,72,9694,7206,145,2343
8736,112,0,73,39,9806,7279,145,2382
8737,48,2,207,-161,9854,7486,147,2221
8738,28,1,2,25,9882,7488,148,2246
8739,65,1,68,-4,9947,7556,149,2242
8740,30,2,167,-139,9977,7723,151,2103
8741,61,0,35,26,10038,7758,151,2129
8742,29,2,11,16,10067,7769,153,2145
8743,40,1,161,-122,10107,7930,154,2023
8744,75,0,122,-47,10182,8052,154,1976
8745,34,1,214,-181,10216,8266,155,1795
8746,46,2,102,-58,10262,8368,157,1737
8747,137,0,357,-220,10399,8725,157,1517
8748,2,0,43,-41,10401,8768,157,1476
8749,32,1,5,26,10433,8773,158,1502
8750,45,0,35,10,10478,8808,158,1512
8751,37,3,40,-6,10515,8848,161,1506
8752,69,1,53,15,10584,8901,162,1521
8753,29,1,29,-1,10613,8930,163,1520
8754,45,1,41,3,10658,8971,164,1523
8755,45,0,26,19,10703,8997,164,1542
8756,21,0,14,7,10724,9011,164,1549
8757,106,0,8,98,10830,9019,164,1647
8758,41,2,71,-32,10871,9090,166,1615
8759,16,0,53,-37,10887,9143,166,1578
8760,37,1,10,26,10924,9153,167,1604
8761,48,1,62,-15,10972,9215,168,1589
8762,27,2,18,7,10999,9233,170,1596
8763,59,0,31,28,11058,9264,170,1624
8764,15,1,6,8,11073,9270,171,1632
8765,34,0,137,-103,11107,9407,171,1529
8766,25,1,8,16,11132,9415,172,1545
8767,22,2,25,-5,11154,9440,174,1540
8768,16,0,38,-22,11170,9478,174,1518
8769,62,1,31,30,11232,9509,175,1548
8770,43,0,23,20,11275,9532,175,1568
8771,7,1,3,3,11282,9535,176,1571
8772,14,1,65,-52,11296,9600,177,1519
8773,6,1,38,-33,11302,9638,178,1486
8774,0,0,0,0,11302,9638,178,1486
8775,42,1,66,-25,11344,9704,179,1461
8776,27,0,11,16,11371,9715,179,1477
8777,10,0,51,-41,11381,9766,179,1436
8778,17,0,177,-160,11398,9943,179,1276
8779,14,1,135,-122,11412,10078,180,1154
8780,17,0,91,-74,11429,10169,180,1080
8781,28,0,20,8,11457,10189,180,1088
8782,7,1,10,-4,11464,10199,181,1084
8783,15,0,21,-6,11479,10220,181,1078
8784,55,0,14,41,11534,10234,181,1119
8785,17,1,319,-303,11551,10553,182,816
8786,24,4,229,-209,11575,10782,186,607
8787,10,0,76,-66,11585,10858,186,541
8788,24,0,13,11,11609,10871,186,552
8789,19,0,14,5,11628,10885,186,557
8790,11,0,2,9,11639,10887,186,566
8791,16,0,25,-9,11655,10912,186,557
8792,23,0,26,-3,11678,10938,186,554
8793,24,0,40,-16,11702,10978,186,538
8794,21,0,11,10,11723,10989,186,548
8795,13,0,7,6,11736,10996,186,554
8796,9,0,31,-22,11745,11027,186,532
8797,7,0,7,0,11752,11034,186,532
8798,34,0,1,33,11786,11035,186,565
8799,18,0,44,-26,11804,11079,186,539
8800,17,0,20,-3,11821,11099,186,536
8801,3,2,13,-12,11824,11112,188,524
8802,8,0,28,-20,11832,11140,188,504
8803,16,0,18,-2,11848,11158,188,502
8804,3,0,6,-3,11851,11164,188,499
8805,16,0,9,7,11867,11173,188,506
8806,4,0,28,-24,11871,11201,188,482
8807,11,0,39,-28,11882,11240,188,454
8808,0,0,4,-4,11882,11244,188,450
8809,0,0,9,-9,11882,11253,188,441
8810,9,0,0,9,11891,11253,188,450
8811,3,0,7,-4,11894,11260,188,446
8812,1,0,2,-1,11895,11262,188,445
8813,4,0,14,-10,11899,11276,188,435
8814,5,0,36,-31,11904,11312,188,404
8815,38,0,13,25,11942,11325,188,429
8816,33,0,3,30,11975,11328,188,459
8817,30,0,2,28,12005,11330,188,487
8818,33,0,15,18,12038,11345,188,505
8819,46,1,10,35,12084,11355,189,540
8820,52,0,0,52,12136,11355,189,592
8821,34,1,11,22,12170,11366,190,614
8822,13,0,1,12,12183,11367,190,626
8823,4,0,14,-10,12187,11381,190,616
8824,30,0,8,22,12217,11389,190,638
8825,17,1,14,2,12234,11403,191,640
8826,3,0,3,0,12237,11406,191,640
8827,33,0,3,30,12270,11409,191,670
8828,25,0,24,1,12295,11433,191,671
8829,11,0,68,-57,12306,11501,191,614
8830,17,0,38,-21,12323,11539,191,593
8831,18,0,37,-19,12341,11576,191,574
8832,24,0,2,22,12365,11578,191,596
8833,11,0,47,-36,12376,11625,191,560
8834,5,0,27,-22,12381,11652,191,538
8835,9,1,9,-1,12390,11661,192,537
8836,8,0,47,-39,12398,11708,192,498
8837,20,0,26,-6,12418,11734,192,492
8838,10,0,8,2,12428,11742,192,494
8839,7,0,0,7,12435,11742,192,501
8840,33,0,36,-3,12468,11778,192,498
8841,5,0,15,-10,12473,11793,192,488
8842,26,1,5,20,12499,11798,193,508
8843,17,0,6,11,12516,11804,193,519
8844,36,0,3,33,12552,11807,193,552
8845,53,1,21,31,12605,11828,194,583
8846,13,0,23,-10,12618,11851,194,573
8847,40,0,16,24,12658,11867,194,597
8848,9,1,0,8,12667,11867,195,605
8849,40,0,5,35,12707,11872,195,640
8850,84,0,3,81,12791,11875,195,721
8851,27,1,11,15,12818,11886,196,736
8852,0,0,0,0,12818,11886,196,736
8853,0,0,0,0,12818,11886,196,736
8854,0,0,0,0,12818,11886,196,736
8855,0,0,0,0,12818,11886,196,736
8856,73,0,8,65,12891,11894,196,801
8857,159,4,79,76,13050,11973,200,877
8858,196,3,88,105,13246,12061,203,982
8859,107,0,13,94,13353,12074,203,1076
8860,113,3,60,50,13466,12134,206,1126
8861,0,0,0,0,13466,12134,206,1126
8862,147,0,42,105,13613,12176,206,1231
8863,207,0,69,138,13820,12245,206,1369
8864,162,1,26,135,13982,12271,207,1504
8865,124,1,27,96,14106,12298,208,1600
8866,168,1,20,147,14274,12318,209,1747
8867,253,3,41,209,14527,12359,212,1956
8868,282,4,56,222,14809,12415,216,2178
8869,100,5,43,52,14909,12458,221,2230
8870,169,2,40,127,15078,12498,223,2357
8871,251,7,110,134,15329,12608,230,2491
8872,155,1,108,46,15484,12716,231,2537
8873,170,3,123,44,15654,12839,234,2581
8874,348,6,111,231,16002,12950,240,2812
8875,284,3,173,108,16286,13123,243,2920
8876,130,6,112,12,16416,13235,249,2932
8877,286,10,94,182,16702,13329,259,3114
8878,258,4,50,204,16960,13379,263,3318
8879,405,7,227,171,17365,13606,270,3489
8880,460,6,171,283,17825,13777,276,3772
8881,370,11,107,252,18195,13884,287,4024
8882,427,3,146,278,18622,14030,290,4302
8883,210,9,107,94,18832,14137,299,4396
8884,457,13,368,76,19289,14505,312,4472
8885,581,13,368,200,19870,14873,325,4672
8886,493,5,92,396,20363,14965,330,5068
8887,508,6,307,195,20871,15272,336,5263
8888,554,11,319,224,21425,15591,347,5487
8889,527,10,145,372,21952,15736,357,5859
8890,254,14,101,139,22206,15837,371,5998
8891,475,8,573,-106,22681,16410,379,5892
8892,632,21,311,300,23313,16721,400,6192
8893,599,15,416,168,23912,17137,415,6360
8894,509,8,211,290,24421,17348,423,6650
8895,454,15,210,229,24875,17558,438,6879
8896,329,8,375,-54,25204,17933,446,6825
8897,327,23,116,188,25531,18049,469,7013
8898,505,26,363,116,26036,18412,495,7129
8899,536,10,234,292,26572,18646,505,7421
8900,332,12,425,-105,26904,19071,517,7316
8901,336,11,463,-138,27240,19534,528,7178
8902,365,13,668,-316,27605,20202,541,6862
8903,419,22,305,92,28024,20507,563,6954
8904,187,12,138,37,28211,20645,575,6991
8905,495,11,427,57,28706,21072,586,7048
8906,170,9,360,-199,28876,21432,595,6849
8907,1,1,0,0,1,0,1,0
8908,0,0,0,0,1,0,1,0
8909,0,0,0,0,1,0,1,0
8910,0,0,0,0,1,0,1,0
8911,0,0,0,0,1,0,1,0
8912,0,0,0,0,1,0,1,0
8913,0,0,0,0,1,0,1,0
8914,0,0,0,0,1,0,1,0
8915,0,0,0,0,1,0,1,0
8916,1,0,2,-1,2,2,1,-1
8917,0,0,0,0,2,2,1,-1
8918,2,2,0,0,4,2,3,-1
8919,1,0,0,1,5,2,3,0
8920,0,0,0,0,5,2,3,0
8921,2,1,2,-1,7,4,4,-1
8922,2,0,0,2,9,4,4,1
8923,0,0,0,0,9,4,4,1
8924,1,0,0,1,10,4,4,2
8925,0,0,0,0,10,4,4,2
8926,0,0,0,0,10,4,4,2
8927,0,0,0,0,10,4,4,2
8928,11,0,0,11,21,4,4,13
8929,0,0,0,0,21,4,4,13
8930,0,2,0,-2,21,4,6,11
8931,0,0,0,0,21,4,6,11
8932,0,0,0,0,21,4,6,11
8933,6,2,0,4,27,4,8,15
8934,5,0,3,2,32,7,8,17
8935,7,0,0,7,39,7,8,24
8936,19,0,1,18,58,8,8,42
8937,21,0,0,21,79,8,8,63
8938,0,0,1,-1,79,9,8,62
8939,0,1,1,-2,79,10,9,60
8940,2,0,1,1,81,11,9,61
8941,0,0,0,0,81,11,9,61
8942,2,0,0,2,83,11,9,63
8943,0,0,0,0,83,11,9,63
8944,0,0,2,-2,83,13,9,61
8945,2,0,0,2,85,13,9,63
8946,1,0,0,1,86,13,9,64
8947,3,0,0,3,89,13,9,67
8948,0,0,4,-4,89,17,9,63
8949,0,0,0,0,89,17,9,63
8950,0,0,23,-23,89,40,9,40
8951,0,0,11,-11,89,51,9,29
8952,3,1,1,1,92,52,10,30
8953,0,0,1,-1,92,53,10,29
8954,5,0,6,-1,97,59,10,28
8955,1,0,6,-5,98,65,10,23
8956,0,0,4,-4,98,69,10,19
8957,2,0,2,0,100,71,10,19
8958,1,1,1,-1,101,72,11,18
8959,0,0,1,-1,101,73,11,17
8960,3,0,7,-4,104,80,11,13
8961,2,0,1,1,106,81,11,14
8962,5,0,0,5,111,81,11,19
8963,0,0,0,0,111,81,11,19
8964,4,0,3,1,115,84,11,20
8965,1,0,0,1,116,84,11,21
8966,0,1,0,-1,116,84,12,20
8967,11,0,1,10,127,85,12,30
8968,13,0,0,13,140,85,12,43
8969,0,0,0,0,140,85,12,43
8970,0,0,0,0,140,85,12,43
8971,1,0,4,-3,141,89,12,40
8972,8,1,1,6,149,90,13,46
8973,4,0,0,4,153,90,13,50
8974,0,0,0,0,153,90,13,50
8975,0,1,1,-2,153,91,14,48
8976,8,0,2,6,161,93,14,54
8977,13,1,7,5,174,100,15,59
8978,3,0,5,-2,177,105,15,57
8979,18,0,0,18,195,105,15,75
8980,0,1,0,-1,195,105,16,74
8981,0,0,0,0,195,105,16,74
8982,12,0,0,12,207,105,16,86
8983,0,0,1,-1,207,106,16,85
8984,11,0,1,10,218,107,16,95
8985,3,0,11,-8,221,118,16,87
8986,4,0,5,-1,225,123,16,86
8987,1,0,0,1,226,123,16,87
8988,1,0,3,-2,227,126,16,85
8989,0,0,0,0,227,126,16,85
8990,0,0,5,-5,227,131,16,80
8991,10,0,0,10,237,131,16,90
8992,0,0,10,-10,237,141,16,80
8993,1,0,6,-5,238,147,16,75
8994,0,0,13,-13,238,160,16,62
8995,15,0,3,12,253,163,16,74
8996,0,0,2,-2,253,165,16,72
8997,9,0,10,-1,262,175,16,71
8998,1,0,0,1,263,175,16,72
8999,2,0,10,-8,265,185,16,64
9000,1,0,1,0,266,186,16,64
9001,13,0,0,13,279,186,16,77
9002,2,0,10,-8,281,196,16,69
9003,0,0,1,-1,281,197,16,68
9004,3,0,1,2,284,198,16,70
9005,7,0,12,-5,291,210,16,65
9006,0,0,11,-11,291,221,16,54
9007,0,0,17,-17,291,238,16,37
9008,2,0,2,0,293,240,16,37
9009,0,0,3,-3,293,243,16,34
9010,0,0,2,-2,293,245,16,32
9011,9,0,1,8,302,246,16,40
9012,5,0,11,-6,307,257,16,34
9013,3,0,4,-1,310,261,16,33
9014,1,0,0,1,311,261,16,34
9015,2,0,4,-2,313,265,16,32
9016,0,0,0,0,313,265,16,32
9017,0,0,5,-5,313,270,16,27
9018,5,0,12,-7,318,282,16,20
9019,3,0,0,3,321,282,16,23
9020,0,0,4,-4,321,286,16,19
9021,6,0,7,-1,327,293,16,18
9022,5,0,1,4,332,294,16,22
9023,0,0,1,-1,332,295,16,21
9024,5,0,1,4,337,296,16,25
9025,4,0,5,-1,341,301,16,24
9026,0,0,0,0,341,301,16,24
9027,0,0,0,0,341,301,16,24
9028,3,0,0,3,344,301,16,27
9029,1,0,0,1,345,301,16,28
9030,1,0,2,-1,346,303,16,27
9031,0,0,0,0,346,303,16,27
9032,4,0,1,3,350,304,16,30
9033,0,0,4,-4,350,308,16,26
9034,2,0,9,-7,352,317,16,19
9035,3,0,1,2,355,318,16,21
9036,1,1,0,0,356,318,17,21
9037,2,0,0,2,358,318,17,23
9038,8,1,6,1,366,324,18,24
9039,8,1,0,7,374,324,19,31
9040,0,0,0,0,374,324,19,31
9041,77,1,0,76,451,324,20,107
9042,41,0,0,41,492,324,20,148
9043,2,0,0,2,494,324,20,150
9044,0,0,0,0,494,324,20,150
9045,0,0,0,0,494,324,20,150
9046,7,3,0,4,501,324,23,154
9047,0,0,0,0,501,324,23,154
9048,17,0,1,16,518,325,23,170
9049,9,0,0,9,527,325,23,179
9050,8,1,0,7,535,325,24,186
9051,21,0,2,19,556,327,24,205
9052,16,0,6,10,572,333,24,215
9053,27,1,0,26,599,333,25,241
9054,15,1,31,-17,614,364,26,224
9055,12,0,18,-6,626,382,26,218
9056,22,1,5,16,648,387,27,234
9057,10,1,2,7,658,389,28,241
9058,12,0,8,4,670,397,28,245
9059,0,0,0,0,670,397,28,245
9060,15,0,10,5,685,407,28,250
9061,1,2,11,-12,686,418,30,238
9062,23,1,30,-8,709,448,31,230
9063,0,1,0,-1,709,448,32,229
9064,39,2,17,20,748,465,34,249
9065,11,0,3,8,759,468,34,257
9066,10,1,48,-39,769,516,35,218
9067,7,0,11,-4,776,527,35,214
9068,50,3,6,41,826,533,38,255
9069,41,0,6,35,867,539,38,290
9070,35,2,13,20,902,552,40,310
9071,1,0,0,1,903,552,40,311
9072,88,1,23,64,991,575,41,375
9073,27,0,0,27,1018,575,41,402
9074,47,0,6,41,1065,581,41,443
9075,37,0,8,29,1102,589,41,472
9076,65,0,9,56,1167,598,41,528
9077,17,0,1,16,1184,599,41,544
9078,0,0,0,0,1184,599,41,544
9079,53,2,52,-1,1237,651,43,543
9080,24,1,6,17,1261,657,44,560
9081,52,0,1,51,1313,658,44,611
9082,28,1,1,26,1341,659,45,637
9083,17,0,70,-53,1358,729,45,584
9084,21,4,37,-20,1379,766,49,564
9085,33,0,2,31,1412,768,49,595
9086,19,0,75,-56,1431,843,49,539
9087,8,0,25,-17,1439,868,49,522
9088,21,0,9,12,1460,877,49,534
9089,34,0,1,33,1494,878,49,567
9090,88,4,279,-195,1582,1157,53,372
9091,46,1,18,27,1628,1175,54,399
9092,12,1,0,11,1640,1175,55,410
9093,85,0,0,85,1725,1175,55,495
9094,23,0,6,17,1748,1181,55,512
9095,117,0,19,98,1865,1200,55,610
9096,11,0,16,-5,1876,1216,55,605
9097,147,0,13,134,2023,1229,55,739
9098,92,0,65,27,2115,1294,55,766
9099,56,0,1,55,2171,1295,55,821
9100,12,0,104,-92,2183,1399,55,729
9101,17,0,15,2,2200,1414,55,731
9102,34,0,3,31,2234,1417,55,762
9103,16,0,1,15,2250,1418,55,777
9104,23,0,9,14,2273,1427,55,791
9105,33,0,31,2,2306,1458,55,793
9106,37,1,1,35,2343,1459,56,828
9107,39,3,85,-49,2382,1544,59,779
9108,29,0,44,-15,2411,1588,59,764
9109,10,0,100,-90,2421,1688,59,674
9110,29,1,132,-104,2450,1820,60,570
9111,0,0,0,0,2450,1820,60,570
9112,75,0,133,-58,2525,1953,60,512
9113,22,1,44,-23,2547,1997,61,489
9114,72,0,43,29,2619,2040,61,518
9115,22,0,53,-31,2641,2093,61,487
9116,20,6,1,13,2661,2094,67,500
9117,38,1,67,-30,2699,2161,68,470
9118,69,0,70,-1,2768,2231,68,469
9119,0,1,0,-1,2768,2231,69,468
9120,68,1,35,32,2836,2266,70,500
9121,47,1,1,45,2883,2267,71,545
9122,32,2,78,-48,2915,2345,73,497
9123,97,1,0,96,3012,2345,74,593
9124,0,0,0,0,3012,2345,74,593
9125,114,7,26,81,3126,2371,81,674
9126,81,6,34,41,3207,2405,87,715
9127,155,1,52,102,3362,2457,88,817
9128,138,3,67,68,3500,2524,91,885
9129,103,0,0,103,3603,2524,91,988
9130,135,1,22,112,3738,2546,92,1100
9131,163,2,23,138,3901,2569,94,1238
9132,67,1,35,31,3968,2604,95,1269
9133,40,0,56,-16,4008,2660,95,1253
9134,17,0,3,14,4025,2663,95,1267
9135,22,0,107,-85,4047,2770,95,1182
9136,64,1,0,63,4111,2770,96,1245
9137,34,0,31,3,4145,2801,96,1248
9138,44,1,68,-25,4189,2869,97,1223
9139,42,0,26,16,4231,2895,97,1239
9140,43,4,28,11,4274,2923,101,1250
9141,84,5,82,-3,4358,3005,106,1247
9142,28,5,49,-26,4386,3054,111,1221
9143,0,0,0,0,4386,3054,111,1221
9144,158,0,16,142,4544,3070,111,1363
9145,97,5,0,92,4641,3070,116,1455
9146,74,1,65,8,4715,3135,117,1463
9147,21,0,114,-93,4736,3249,117,1370
9148,0,1,132,-133,4736,3381,118,1237
9149,2,2,0,0,4738,3381,120,1237
9150,1,1,102,-102,4739,3483,121,1135
9151,0,0,2,-2,4739,3485,121,1133
9152,21,0,1,20,4760,3486,121,1153
9153,7,0,3,4,4767,3489,121,1157
9154,0,0,0,0,4767,3489,121,1157
9155,174,0,0,174,4941,3489,121,1331
9156,273,0,13,260,5214,3502,121,1591
9157,45,0,3,42,5259,3505,121,1633
9158,28,7,388,-367,5287,3893,128,1266
9159,18,2,109,-93,5305,4002,130,1173
9160,46,3,32,11,5351,4034,133,1184
9161,26,0,54,-28,5377,4088,133,1156
9162,67,3,46,18,5444,4134,136,1174
9163,14,0,12,2,5458,4146,136,1176
9164,33,0,39,-6,5491,4185,136,1170
9165,32,1,0,31,5523,4185,137,1201
9166,77,0,222,-145,5600,4407,137,1056
9167,56,0,0,56,5656,4407,137,1112
9168,86,0,147,-61,5742,4554,137,1051
9169,113,4,77,32,5855,4631,141,1083
9170,45,5,16,24,5900,4647,146,1107
9171,50,3,9,38,5950,4656,149,1145
9172,12,0,1,11,5962,4657,149,1156
9173,72,0,29,43,6034,4686,149,1199
9174,45,1,301,-257,6079,4987,150,942
9175,59,0,146,-87,6138,5133,150,855
9176,78,3,54,21,6216,5187,153,876
9177,97,2,53,42,6313,5240,155,918
9178,20,0,21,-1,6333,5261,155,917
9179,53,2,68,-17,6386,5329,157,900
9180,82,0,17,65,6468,5346,157,965
9181,11,2,29,-20,6479,5375,159,945
9182,49,0,35,14,6528,5410,159,959
9183,0,0,69,-69,6528,5479,159,890
9184,154,0,9,145,6682,5488,159,1035
9185,33,2,56,-25,6715,5544,161,1010
9186,45,0,73,-28,6760,5617,161,982
9187,17,1,108,-92,6777,5725,162,890
9188,78,1,43,34,6855,5768,163,924
9189,15,2,50,-37,6870,5818,165,887
9190,8,0,12,-4,6878,5830,165,883
9191,33,3,73,-43,6911,5903,168,840
9192,22,3,42,-23,6933,5945,171,817
9193,35,0,43,-8,6968,5988,171,809
9194,27,0,62,-35,6995,6050,171,774
9195,19,1,8,10,7014,6058,172,784
9196,19,0,98,-79,7033,6156,172,705
9197,13,0,21,-8,7046,6177,172,697
9198,63,0,52,11,7109,6229,172,708
9199,30,2,55,-27,7139,6284,174,681
9200,25,0,58,-33,7164,6342,174,648
9201,22,2,8,12,7186,6350,176,660
9202,26,0,49,-23,7212,6399,176,637
9203,60,1,100,-41,7272,6499,177,596
9204,34,0,39,-5,7306,6538,177,591
9205,19,0,23,-4,7325,6561,177,587
9206,32,2,30,0,7357,6591,179,587
9207,28,2,16,10,7385,6607,181,597
9208,51,1,62,-12,7436,6669,182,585
9209,26,1,14,11,7462,6683,183,596
9210,63,0,4,59,7525,6687,183,655
9211,29,2,31,-4,7554,6718,185,651
9212,85,2,24,59,7639,6742,187,710
9213,30,0,31,-1,7669,6773,187,709
9214,34,1,28,5,7703,6801,188,714
9215,30,2,21,7,7733,6822,190,721
9216,60,2,21,37,7793,6843,192,758
9217,15,0,15,0,7808,6858,192,758
9218,23,0,64,-41,7831,6922,192,717
9219,32,0,3,29,7863,6925,192,746
9220,28,1,30,-3,7891,6955,193,743
9221,18,1,25,-8,7909,6980,194,735
9222,37,2,21,14,7946,7001,196,749
9223,27,0,22,5,7973,7023,196,754
9224,26,0,59,-33,7999,7082,196,721
9225,100,2,33,65,8099,7115,198,786
9226,50,3,10,37,8149,7125,201,823
9227,26,2,172,-148,8175,7297,203,675
9228,19,0,0,19,8194,7297,203,694
9229,36,0,53,-17,8230,7350,203,677
9230,25,0,161,-136,8255,7511,203,541
9231,19,1,33,-15,8274,7544,204,526
9232,31,0,51,-20,8305,7595,204,506
9233,10,0,67,-57,8315,7662,204,449
9234,51,4,32,15,8366,7694,208,464
9235,37,0,80,-43,8403,7774,208,421
9236,25,0,33,-8,8428,7807,208,413
9237,11,0,69,-58,8439,7876,208,355
9238,20,1,7,12,8459,7883,209,367
9239,33,0,17,16,8492,7900,209,383
9240,8,0,1,7,8500,7901,209,390
9241,14,0,7,7,8514,7908,209,397
9242,13,1,3,9,8527,7911,210,406
9243,25,0,108,-83,8552,8019,210,323
9244,11,2,71,-62,8563,8090,212,261
9245,17,2,30,-15,8580,8120,214,246
9246,24,3,22,-1,8604,8142,217,245
9247,22,0,21,1,8626,8163,217,246
9248,16,0,1,15,8642,8164,217,261
9249,15,1,19,-5,8657,8183,218,256
9250,8,0,75,-67,8665,8258,218,189
9251,19,0,14,5,8684,8272,218,194
9252,11,0,7,4,8695,8279,218,198
9253,7,1,4,2,8702,8283,219,200
9254,13,1,20,-8,8715,8303,220,192
9255,9,0,12,-3,8724,8315,220,189
9256,6,0,19,-13,8730,8334,220,176
9257,12,0,17,-5,8742,8351,220,171
9258,19,0,17,2,8761,8368,220,173
9259,13,0,18,-5,8774,8386,220,168
9260,13,0,17,-4,8787,8403,220,164
9261,17,1,3,13,8804,8406,221,177
9262,3,0,22,-19,8807,8428,221,158
9263,14,0,20,-6,8821,8448,221,152
9264,18,0,9,9,8839,8457,221,161
9265,3,0,13,-10,8842,8470,221,151
9266,4,1,5,-2,8846,8475,222,149
9267,27,0,8,19,8873,8483,222,168
9268,4,1,3,0,8877,8486,223,168
9269,2,0,22,-20,8879,8508,223,148
9270,37,1,4,32,8916,8512,224,180
9271,8,1,18,-11,8924,8530,225,169
9272,19,0,4,15,8943,8534,225,184
9273,12,0,3,9,8955,8537,225,193
9274,5,0,15,-10,8960,8552,225,183
9275,33,1,25,7,8993,8577,226,190
9276,15,0,6,9,9008,8583,226,199
9277,31,1,1,29,9039,8584,227,228
9278,42,0,21,21,9081,8605,227,249
9279,17,2,17,-2,9098,8622,229,247
9280,25,0,1,24,9123,8623,229,271
9281,20,0,8,12,9143,8631,229,283
9282,11,0,2,9,9154,8633,229,292
9283,8,0,38,-30,9162,8671,229,262
9284,23,0,4,19,9185,8675,229,281
9285,31,0,18,13,9216,8693,229,294
9286,32,1,34,-3,9248,8727,230,291
9287,56,0,43,13,9304,8770,230,304
9288,10,0,0,10,9314,8770,230,314
9289,44,0,5,39,9358,8775,230,353
9290,23,0,17,6,9381,8792,230,359
9291,34,1,21,12,9415,8813,231,371
9292,26,2,18,6,9441,8831,233,377
9293,58,1,5,52,9499,8836,234,429
9294,25,1,29,-5,9524,8865,235,424
9295,38,0,7,31,9562,8872,235,455
9296,24,2,49,-27,9586,8921,237,428
9297,87,1,22,64,9673,8943,238,492
9298,45,0,15,30,9718,8958,238,522
9299,129,0,10,119,9847,8968,238,641
9300,66,2,12,52,9913,8980,240,693
9301,69,0,37,32,9982,9017,240,725
9302,88,0,2,86,10070,9019,240,811
9303,26,1,71,-46,10096,9090,241,765
9304,86,0,36,50,10182,9126,241,815
9305,60,2,17,41,10242,9143,243,856
9306,85,1,32,52,10327,9175,244,908
9307,50,0,21,29,10377,9196,244,937
9308,101,2,38,61,10478,9234,246,998
9309,148,1,171,-24,10626,9405,247,974
9310,137,4,147,-14,10763,9552,251,960
9311,75,2,20,53,10838,9572,253,1013
9312,105,2,20,83,10943,9592,255,1096
9313,118,1,37,80,11061,9629,256,1176
9314,114,0,12,102,11175,9641,256,1278
9315,180,1,111,68,11355,9752,257,1346
9316,145,0,8,137,11500,9760,257,1483
9317,153,0,0,153,11653,9760,257,1636
9318,134,3,173,-42,11787,9933,260,1594
9319,94,0,111,-17,11881,10044,260,1577
9320,253,11,89,153,12134,10133,271,1730
9321,94,0,33,61,12228,10166,271,1791
9322,112,0,19,93,12340,10185,271,1884
9323,92,0,311,-219,12432,10496,271,1665
9324,109,0,82,27,12541,10578,271,1692
9325,147,2,132,13,12688,10710,273,1705
9326,125,0,3,122,12813,10713,273,1827
9327,98,12,255,-169,12911,10968,285,1658
9328,98,0,13,85,13009,10981,285,1743
9329,190,1,9,180,13199,10990,286,1923
9330,222,12,242,-32,13421,11232,298,1891
9331,106,1,4,101,13527,11236,299,1992
9332,164,2,128,34,13691,11364,301,2026
9333,137,0,103,34,13828,11467,301,2060
9334,205,0,281,-76,14033,11748,301,1984
9335,236,9,46,181,14269,11794,310,2165
9336,174,0,60,114,14443,11854,310,2279
9337,215,0,25,190,14658,11879,310,2469
9338,247,1,313,-67,14905,12192,311,2402
9339,191,2,21,168,15096,12213,313,2570
9340,190,3,56,131,15286,12269,316,2701
9341,411,0,82,329,15697,12351,316,3030
9342,219,8,154,57,15916,12505,324,3087
9343,456,8,175,273,16372,12680,332,3360
9344,294,7,201,86,16666,12881,339,3446
9345,161,0,16,145,16827,12897,339,3591
9346,227,22,195,10,17054,13092,361,3601
9347,351,8,42,301,17405,13134,369,3902
9348,217,13,120,84,17622,13254,382,3986
9349,200,0,120,80,17822,13374,382,4066
9350,372,2,332,38,18194,13706,384,4104
9351,273,2,9,262,18467,13715,386,4366
9352,151,0,27,124,18618,13742,386,4490
9353,218,1,426,-209,18836,14168,387,4281
9354,407,17,429,-39,19243,14597,404,4242
9355,307,0,292,15,19550,14889,404,4257
9356,300,4,288,8,19850,15177,408,4265
9357,282,1,965,-684,20132,16142,409,3581
9358,215,0,354,-139,20347,16496,409,3442
9359,120,9,30,81,20467,16526,418,3523
9360,219,0,0,219,20686,16526,418,3742
9361,351,1,506,-156,21037,17032,419,3586
9362,307,23,307,-23,21344,17339,442,3563
9363,278,0,334,-56,21622,17673,442,3507
9364,341,0,515,-174,21963,18188,442,3333
9365,337,2,213,122,22300,18401,444,3455
9366,227,0,399,-172,22527,18800,444,3283
9367,153,2,33,118,22680,18833,446,3401
9368,309,25,277,7,22989,19110,471,3408
9369,459,2,431,26,23448,19541,473,3434
9370,403,2,181,220,23851,19722,475,3654
9371,408,17,255,136,24259,19977,492,3790
9372,435,15,287,133,24694,20264,507,3923
9373,329,15,296,18,25023,20560,522,3941
9374,480,18,299,163,25503,20859,540,4104
9375,421,4,60,357,25924,20919,544,4461
9376,397,6,267,124,26321,21186,550,4585
9377,469,15,335,119,26790,21521,565,4704
9378,648,8,281,359,27438,21802,573,5063
9379,416,23,630,-237,27854,22432,596,4826
9380,408,13,534,-139,28262,22966,609,4687
9381,586,2,23,561,28848,22989,611,5248
9382,608,12,756,-160,29456,23745,623,5088
9383,456,5,33,418,29912,23778,628,5506
9384,725,11,141,573,30637,23919,639,6079
9385,481,37,570,-126,31118,24489,676,5953
9386,651,3,500,148,31769,24989,679,6101
9387,580,15,388,177,32349,25377,694,6278
9388,539,7,400,132,32888,25777,701,6410
9389,529,25,468,36,33417,26245,726,6446
9390,625,18,620,-13,34042,26865,744,6433
9391,719,13,242,464,34761,27107,757,6897
9392,892,37,192,663,35653,27299,794,7560
9393,928,31,347,550,36581,27646,825,8110
9394,704,17,554,133,37285,28200,842,8243
9395,710,23,612,75,37995,28812,865,8318
9396,520,13,434,73,38515,29246,878,8391
9397,690,17,698,-25,39205,29944,895,8366
9398,912,27,469,416,40117,30413,922,8782
9399,692,21,614,57,40809,31027,943,8839
9400,599,14,609,-24,41408,31636,957,8815
9401,473,45,507,-79,41881,32143,1002,8736
9402,656,11,511,134,42537,32654,1013,8870
9403,690,36,825,-171,43227,33479,1049,8699
9404,516,30,642,-156,43743,34121,1079,8543
9405,539,45,873,-379,44282,34994,1124,8164
9406,497,36,891,-430,44779,35885,1160,7734
9407,366,23,1379,-1036,45145,37264,1183,6698
9408,406,9,1086,-689,45551,38350,1192,6009
9409,575,37,902,-364,46126,39252,1229,5645
9410,503,0,819,-316,46629,40071,1229,5329
9411,445,44,609,-208,47074,40680,1273,5121
9412,512,0,421,91,47586,41101,1273,5212
9413,320,0,574,-254,47906,41675,1273,4958
9414,281,62,595,-376,48187,42270,1335,4582
9415,307,18,386,-97,48494,42656,1353,4485
9416,310,18,777,-485,48804,43433,1371,4000
9417,275,21,456,-202,49079,43889,1392,3798
9418,233,45,348,-160,49312,44237,1437,3638
9419,278,7,423,-152,49590,44660,1444,3486
9420,247,17,300,-70,49837,44960,1461,3416
9421,212,4,717,-509,50049,45677,1465,2907
9422,201,0,400,-199,50250,46077,1465,2708
9423,284,17,464,-197,50534,46541,1482,2511
9424,178,24,297,-143,50712,46838,1506,2368
9425,7,0,2,5,7,2,0,5
9426,1,0,0,1,8,2,0,6
9427,0,0,0,0,8,2,0,6
9428,1,0,0,1,9,2,0,7
9429,0,1,0,-1,9,2,1,6
9430,0,0,0,0,9,2,1,6
9431,0,0,0,0,9,2,1,6
9432,0,0,0,0,9,2,1,6
9433,0,0,0,0,9,2,1,6
9434,1,0,1,0,10,3,1,6
9435,0,0,0,0,10,3,1,6
9436,0,0,0,0,10,3,1,6
9437,0,0,0,0,10,3,1,6
9438,0,0,0,0,10,3,1,6
9439,3,0,0,3,13,3,1,9
9440,0,0,0,0,13,3,1,9
9441,0,0,2,-2,13,5,1,7
9442,0,0,0,0,13,5,1,7
9443,8,0,0,8,21,5,1,15
9444,0,0,0,0,21,5,1,15
9445,0,0,0,0,21,5,1,15
9446,0,0,0,0,21,5,1,15
9447,0,0,0,0,21,5,1,15
9448,6,0,1,5,27,6,1,20
9449,4,0,1,3,31,7,1,23
9450,19,0,0,19,50,7,1,42
9451,0,0,0,0,50,7,1,42
9452,1,0,0,1,51,7,1,43
9453,0,0,0,0,51,7,1,43
9454,0,0,0,0,51,7,1,43
9455,0,0,0,0,51,7,1,43
9456,7,0,0,7,58,7,1,50
9457,0,0,0,0,58,7,1,50
9458,3,0,0,3,61,7,1,53
9459,7,0,0,7,68,7,1,60
9460,2,0,0,2,70,7,1,62
9461,3,0,0,3,73,7,1,65
9462,0,0,0,0,73,7,1,65
9463,17,0,3,14,90,10,1,79
9464,5,0,0,5,95,10,1,84
9465,0,0,0,0,95,10,1,84
9466,23,0,0,23,118,10,1,107
9467,2,0,0,2,120,10,1,109
9468,0,0,0,0,120,10,1,109
9469,3,0,9,-6,123,19,1,103
9470,6,1,2,3,129,21,2,106
9471,0,0,0,0,129,21,2,106
9472,0,0,0,0,129,21,2,106
9473,2,0,0,2,131,21,2,108
9474,1,0,2,-1,132,23,2,107
9475,0,0,8,-8,132,31,2,99
9476,0,0,0,0,132,31,2,99
9477,0,0,0,0,132,31,2,99
9478,1,0,5,-4,133,36,2,95
9479,7,0,1,6,140,37,2,101
9480,28,0,0,28,168,37,2,129
9481,0,0,0,0,168,37,2,129
9482,7,0,5,2,175,42,2,131
9483,1,0,1,0,176,43,2,131
9484,7,0,0,7,183,43,2,138
9485,1,0,0,1,184,43,2,139
9486,0,0,3,-3,184,46,2,136
9487,0,0,0,0,184,46,2,136
9488,5,0,5,0,189,51,2,136
9489,7,0,3,4,196,54,2,140
9490,0,0,0,0,196,54,2,140
9491,6,0,24,-18,202,78,2,122
9492,0,0,15,-15,202,93,2,107
9493,3,0,15,-12,205,108,2,95
9494,5,0,5,0,210,113,2,95
9495,0,0,0,0,210,113,2,95
9496,0,0,3,-3,210,116,2,92
9497,24,0,1,23,234,117,2,115
9498,11,0,20,-9,245,137,2,106
9499,0,0,7,-7,245,144,2,99
9500,22,0,1,21,267,145,2,120
9501,0,0,4,-4,267,149,2,116
9502,1,0,9,-8,268,158,2,108
9503,0,0,7,-7,268,165,2,101
9504,2,0,1,1,270,166,2,102
9505,12,0,0,12,282,166,2,114
9506,0,0,6,-6,282,172,2,108
9507,14,0,13,1,296,185,2,109
9508,2,0,9,-7,298,194,2,102
9509,0,0,21,-21,298,215,2,81
9510,0,0,3,-3,298,218,2,78
9511,15,0,4,11,313,222,2,89
9512,0,0,5,-5,313,227,2,84
9513,0,0,7,-7,313,234,2,77
9514,0,0,6,-6,313,240,2,71
9515,8,0,10,-2,321,250,2,69
9516,0,0,8,-8,321,258,2,61
9517,0,0,4,-4,321,262,2,57
9518,0,0,5,-5,321,267,2,52
9519,15,0,3,12,336,270,2,64
9520,0,0,0,0,336,270,2,64
9521,0,0,6,-6,336,276,2,58
9522,0,0,4,-4,336,280,2,54
9523,3,0,19,-16,339,299,2,38
9524,0,0,0,0,339,299,2,38
9525,5,0,5,0,344,304,2,38
9526,0,0,1,-1,344,305,2,37
9527,3,0,2,1,347,307,2,38
9528,0,0,0,0,347,307,2,38
9529,0,0,19,-19,347,326,2,19
9530,3,0,0,3,350,326,2,22
9531,5,0,1,4,355,327,2,26
9532,0,0,12,-12,355,339,2,14
9533,0,0,0,0,355,339,2,14
9534,4,0,1,3,359,340,2,17
9535,0,0,0,0,359,340,2,17
9536,0,0,6,-6,359,346,2,11
9537,0,0,4,-4,359,350,2,7
9538,0,0,0,0,359,350,2,7
9539,0,0,0,0,359,350,2,7
9540,0,0,4,-4,359,354,2,3
9541,0,0,0,0,359,354,2,3
9542,0,0,0,0,359,354,2,3
9543,6,0,0,6,365,354,2,9
9544,0,0,0,0,365,354,2,9
9545,0,0,0,0,365,354,2,9
9546,16,0,0,16,381,354,2,25
9547,0,0,0,0,381,354,2,25
9548,0,0,0,0,381,354,2,25
9549,6,0,0,6,387,354,2,31
9550,0,0,0,0,387,354,2,31
9551,0,0,0,0,387,354,2,31
9552,0,0,0,0,387,354,2,31
9553,0,0,16,-16,387,370,2,15
9554,0,0,0,0,387,370,2,15
9555,7,0,0,7,394,370,2,22
9556,3,0,3,0,397,373,2,22
9557,0,0,0,0,397,373,2,22
9558,13,0,6,7,410,379,2,29
9559,6,0,0,6,416,379,2,35
9560,4,0,0,4,420,379,2,39
9561,9,0,0,9,429,379,2,48
9562,10,0,18,-8,439,397,2,40
9563,5,0,1,4,444,398,2,44
9564,3,0,6,-3,447,404,2,41
9565,0,0,2,-2,447,406,2,39
9566,0,0,0,0,447,406,2,39
9567,5,0,2,3,452,408,2,42
9568,4,0,1,3,456,409,2,45
9569,15,0,14,1,471,423,2,46
9570,29,0,0,29,500,423,2,75
9571,33,0,5,28,533,428,2,103
9572,33,0,19,14,566,447,2,117
9573,12,0,0,12,578,447,2,129
9574,27,0,0,27,605,447,2,156
9575,0,0,20,-20,605,467,2,136
9576,6,0,41,-35,611,508,2,101
9577,0,0,0,0,611,508,2,101
9578,16,0,31,-15,627,539,2,86
9579,18,1,0,17,645,539,3,103
9580,0,0,17,-17,645,556,3,86
9581,8,0,0,8,653,556,3,94
9582,6,0,21,-15,659,577,3,79
9583,15,0,10,5,674,587,3,84
9584,11,0,12,-1,685,599,3,83
9585,6,1,14,-9,691,613,4,74
9586,13,0,0,13,704,613,4,87
9587,0,0,0,0,704,613,4,87
9588,7,0,5,2,711,618,4,89
9589,12,0,2,10,723,620,4,99
9590,5,0,0,5,728,620,4,104
9591,8,0,23,-15,736,643,4,89
9592,11,0,3,8,747,646,4,97
9593,7,0,2,5,754,648,4,102
9594,26,0,6,20,780,654,4,122
9595,4,1,0,3,784,654,5,125
9596,19,0,11,8,803,665,5,133
9597,22,0,4,18,825,669,5,151
9598,15,0,11,4,840,680,5,155
9599,21,0,9,12,861,689,5,167
9600,6,0,15,-9,867,704,5,158
9601,1,0,15,-14,868,719,5,144
9602,11,0,0,11,879,719,5,155
9603,6,1,2,3,885,721,6,158
9604,16,0,7,9,901,728,6,167
9605,34,0,40,-6,935,768,6,161
9606,11,0,11,0,946,779,6,161
9607,11,1,9,1,957,788,7,162
9608,0,0,0,0,957,788,7,162
9609,17,0,19,-2,974,807,7,160
9610,8,0,2,6,982,809,7,166
9611,29,0,14,15,1011,823,7,181
9612,6,0,18,-12,1017,841,7,169
9613,6,0,5,1,1023,846,7,170
9614,19,0,19,0,1042,865,7,170
9615,2,0,0,2,1044,865,7,172
9616,41,0,8,33,1085,873,7,205
9617,10,0,4,6,1095,877,7,211
9618,13,0,1,12,1108,878,7,223
9619,28,0,30,-2,1136,908,7,221
9620,80,0,7,73,1216,915,7,294
9621,81,0,43,38,1297,958,7,332
9622,0,0,0,0,1297,958,7,332
9623,14,0,66,-52,1311,1024,7,280
9624,17,0,55,-38,1328,1079,7,242
9625,29,0,57,-28,1357,1136,7,214
9626,25,0,52,-27,1382,1188,7,187
9627,31,0,35,-4,1413,1223,7,183
9628,15,1,3,11,1428,1226,8,194
9629,0,0,0,0,1428,1226,8,194
9630,23,0,28,-5,1451,1254,8,189
9631,0,0,0,0,1451,1254,8,189
9632,46,0,12,34,1497,1266,8,223
9633,31,0,15,16,1528,1281,8,239
9634,36,0,6,30,1564,1287,8,269
9635,0,0,0,0,1564,1287,8,269
9636,13,2,12,-1,1577,1299,10,268
9637,29,0,6,23,1606,1305,10,291
9638,14,4,22,-12,1620,1327,14,279
9639,13,1,0,12,1633,1327,15,291
9640,17,3,5,9,1650,1332,18,300
9641,5,0,5,0,1655,1337,18,300
9642,22,1,0,21,1677,1337,19,321
9643,0,0,0,0,1677,1337,19,321
9644,35,1,3,31,1712,1340,20,352
9645,19,0,7,12,1731,1347,20,364
9646,60,0,7,53,1791,1354,20,417
9647,79,0,49,30,1870,1403,20,447
9648,83,0,6,77,1953,1409,20,524
9649,36,0,25,11,1989,1434,20,535
9650,0,0,1,-1,1989,1435,20,534
9651,0,0,0,0,1989,1435,20,534
9652,33,0,22,11,2022,1457,20,545
9653,13,0,12,1,2035,1469,20,546
9654,13,0,15,-2,2048,1484,20,544
9655,12,0,15,-3,2060,1499,20,541
9656,13,0,13,0,2073,1512,20,541
9657,9,0,20,-11,2082,1532,20,530
9658,38,0,15,23,2120,1547,20,553
9659,39,0,11,28,2159,1558,20,581
9660,28,0,10,18,2187,1568,20,599
9661,34,0,26,8,2221,1594,20,607
9662,10,0,23,-13,2231,1617,20,594
9663,16,0,32,-16,2247,1649,20,578
9664,10,0,21,-11,2257,1670,20,567
9665,31,0,60,-29,2288,1730,20,538
9666,24,0,53,-29,2312,1783,20,509
9667,10,0,38,-28,2322,1821,20,481
9668,29,0,63,-34,2351,1884,20,447
9669,27,0,36,-9,2378,1920,20,438
9670,27,0,61,-34,2405,1981,20,404
9671,0,0,0,0,2405,1981,20,404
9672,33,0,55,-22,2438,2036,20,382
9673,23,0,56,-33,2461,2092,20,349
9674,24,0,59,-35,2485,2151,20,314
9675,34,0,57,-23,2519,2208,20,291
9676,32,1,24,7,2551,2232,21,298
9677,0,0,31,-31,2551,2263,21,267
9678,30,1,0,29,2581,2263,22,296
9679,25,0,16,9,2606,2279,22,305
9680,57,0,40,17,2663,2319,22,322
9681,25,0,27,-2,2688,2346,22,320
9682,28,0,30,-2,2716,2376,22,318
9683,28,0,23,5,2744,2399,22,323
9684,21,0,24,-3,2765,2423,22,320
9685,11,0,0,11,2776,2423,22,331
9686,13,1,29,-17,2789,2452,23,314
9687,34,0,24,10,2823,2476,23,324
9688,37,0,12,25,2860,2488,23,349
9689,31,0,13,18,2891,2501,23,367
9690,36,0,15,21,2927,2516,23,388
9691,23,0,16,7,2950,2532,23,395
9692,0,0,0,0,2950,2532,23,395
9693,19,1,23,-5,2969,2555,24,390
9694,22,0,24,-2,2991,2579,24,388
9695,26,0,24,2,3017,2603,24,390
9696,22,0,23,-1,3039,2626,24,389
9697,0,0,0,0,3039,2626,24,389
9698,17,0,21,-4,3056,2647,24,385
9699,0,0,0,0,3056,2647,24,385
9700,22,1,24,-3,3078,2671,25,382
9701,15,0,37,-22,3093,2708,25,360
9702,25,0,33,-8,3118,2741,25,352
9703,18,0,60,-42,3136,2801,25,310
9704,0,0,0,0,3136,2801,25,310
9705,24,0,52,-28,3160,2853,25,282
9706,0,0,0,0,3160,2853,25,282
9707,29,1,26,2,3189,2879,26,284
9708,24,0,38,-14,3213,2917,26,270
9709,26,0,35,-9,3239,2952,26,261
9710,33,0,28,5,3272,2980,26,266
9711,47,0,22,25,3319,3002,26,291
9712,29,0,31,-2,3348,3033,26,289
9713,0,0,0,0,3348,3033,26,289
9714,35,0,29,6,3383,3062,26,295
9715,33,0,30,3,3416,3092,26,298
9716,25,0,23,2,3441,3115,26,300
9717,34,0,25,9,3475,3140,26,309
9718,56,0,29,27,3531,3169,26,336
9719,26,0,35,-9,3557,3204,26,327
9720,0,0,0,0,3557,3204,26,327
9721,45,0,33,12,3602,3237,26,339
9722,32,0,28,4,3634,3265,26,343
9723,25,0,30,-5,3659,3295,26,338
9724,49,0,26,23,3708,3321,26,361
9725,37,0,20,17,3745,3341,26,378
9726,20,0,21,-1,3765,3362,26,377
9727,0,1,0,-1,3765,3362,27,376
9728,33,0,28,5,3798,3390,27,381
9729,31,0,29,2,3829,3419,27,383
9730,13,0,20,-7,3842,3439,27,376
9731,31,0,16,15,3873,3455,27,391
9732,41,1,31,9,3914,3486,28,400
9733,18,0,35,-17,3932,3521,28,383
9734,0,0,0,0,3932,3521,28,383
9735,37,0,34,3,3969,3555,28,386
9736,27,0,29,-2,3996,3584,28,384
9737,33,0,31,2,4029,3615,28,386
9738,25,0,40,-15,4054,3655,28,371
9739,42,0,31,11,4096,3686,28,382
9740,23,1,39,-17,4119,3725,29,365
9741,0,0,0,0,4119,3725,29,365
9742,35,1,28,6,4154,3753,30,371
9743,19,0,44,-25,4173,3797,30,346
9744,27,0,26,1,4200,3823,30,347
9745,33,0,27,6,4233,3850,30,353
9746,10,0,23,-13,4243,3873,30,340
9747,19,0,16,3,4262,3889,30,343
9748,0,0,0,0,4262,3889,30,343
9749,37,0,0,37,4299,3889,30,380
9750,26,0,0,26,4325,3889,30,406
9751,32,0,11,21,4357,3900,30,427
9752,26,0,99,-73,4383,3999,30,354
9753,35,1,16,18,4418,4015,31,372
9754,30,0,21,9,4448,4036,31,381
9755,0,0,0,0,4448,4036,31,381
9756,28,0,41,-13,4476,4077,31,368
9757,27,0,17,10,4503,4094,31,378
9758,32,0,27,5,4535,4121,31,383
9759,39,0,22,17,4574,4143,31,400
9760,27,0,25,2,4601,4168,31,402
9761,39,0,27,12,4640,4195,31,414
9762,0,0,0,0,4640,4195,31,414
9763,22,0,25,-3,4662,4220,31,411
9764,34,0,42,-8,4696,4262,31,403
9765,41,0,21,20,4737,4283,31,423
9766,29,0,30,-1,4766,4313,31,422
9767,73,0,26,47,4839,4339,31,469
9768,67,0,20,47,4906,4359,31,516
9769,0,0,0,0,4906,4359,31,516
9770,50,0,44,6,4956,4403,31,522
9771,43,0,24,19,4999,4427,31,541
9772,42,0,24,18,5041,4451,31,559
9773,23,0,32,-9,5064,4483,31,550
9774,84,0,27,57,5148,4510,31,607
9775,97,0,49,48,5245,4559,31,655
9776,0,0,0,0,5245,4559,31,655
9777,82,0,34,48,5327,4593,31,703
9778,79,0,31,48,5406,4624,31,751
9779,51,0,46,5,5457,4670,31,756
9780,30,0,58,-28,5487,4728,31,728
9781,40,1,64,-25,5527,4792,32,703
9782,39,0,53,-14,5566,4845,32,689
9783,0,0,0,0,5566,4845,32,689
9784,39,0,53,-14,5605,4898,32,675
9785,42,0,69,-27,5647,4967,32,648
9786,32,0,43,-11,5679,5010,32,637
9787,54,0,49,5,5733,5059,32,642
9788,66,0,51,15,5799,5110,32,657
9789,10,0,63,-53,5809,5173,32,604
9790,0,0,0,0,5809,5173,32,604
9791,40,0,57,-17,5849,5230,32,587
9792,53,0,62,-9,5902,5292,32,578
9793,39,0,46,-7,5941,5338,32,571
9794,53,0,55,-2,5994,5393,32,569
9795,49,0,67,-18,6043,5460,32,551
9796,48,0,50,-2,6091,5510,32,549
9797,0,0,0,0,6091,5510,32,549
9798,36,0,47,-11,6127,5557,32,538
9799,40,0,55,-15,6167,5612,32,523
9800,44,0,51,-7,6211,5663,32,516
9801,77,0,44,33,6288,5707,32,549
9802,73,0,45,28,6361,5752,32,577
9803,52,0,43,9,6413,5795,32,586
9804,0,0,0,0,6413,5795,32,586
9805,80,0,49,31,6493,5844,32,617
9806,92,1,56,35,6585,5900,33,652
9807,88,0,51,37,6673,5951,33,689
9808,98,0,45,53,6771,5996,33,742
9809,97,2,46,49,6868,6042,35,791
9810,78,0,42,36,6946,6084,35,827
9811,0,0,0,0,6946,6084,35,827
9812,77,0,59,18,7023,6143,35,845
9813,98,3,60,35,7121,6203,38,880
9814,99,2,50,47,7220,6253,40,927
9815,92,0,61,31,7312,6314,40,958
9816,96,0,76,20,7408,6390,40,978
9817,39,0,80,-41,7447,6470,40,937
9818,0,1,0,-1,7447,6470,41,936
9819,56,0,77,-21,7503,6547,41,915
9820,63,0,59,4,7566,6606,41,919
9821,99,1,83,15,7665,6689,42,934
9822,73,0,70,3,7738,6759,42,937
9823,98,0,68,30,7836,6827,42,967
9824,95,1,73,21,7931,6900,43,988
9825,0,1,0,-1,7931,6900,44,987
9826,117,0,99,18,8048,6999,44,1005
9827,116,4,100,12,8164,7099,48,1017
9828,120,5,89,26,8284,7188,53,1043
9829,133,0,95,38,8417,7283,53,1081
9830,74,0,49,25,8491,7332,53,1106
9831,124,2,121,1,8615,7453,55,1107
9832,65,2,87,-24,8680,7540,57,1083
9833,88,0,119,-31,8768,7659,57,1052
9834,138,3,62,73,8906,7721,60,1125
9835,103,3,245,-145,9009,7966,63,980
9836,107,1,157,-51,9116,8123,64,929
9837,67,0,174,-107,9183,8297,64,822
9838,97,1,17,79,9280,8314,65,901
9839,72,3,161,-92,9352,8475,68,809
9840,133,1,75,57,9485,8550,69,866
9841,117,0,214,-97,9602,8764,69,769
9842,128,0,42,86,9730,8806,69,855
9843,117,0,162,-45,9847,8968,69,810
9844,84,8,64,12,9931,9032,77,822
9845,118,2,109,7,10049,9141,79,829
9846,83,1,98,-16,10132,9239,80,813
9847,114,0,37,77,10246,9276,80,890
9848,121,3,100,18,10367,9376,83,908
9849,119,1,40,78,10486,9416,84,986
9850,98,2,192,-96,10584,9608,86,890
9851,99,1,111,-13,10683,9719,87,877
9852,133,2,62,69,10816,9781,89,946
9853,38,3,146,-111,10854,9927,92,835
9854,108,0,103,5,10962,10030,92,840
9855,105,2,164,-61,11067,10194,94,779
9856,86,5,93,-12,11153,10287,99,767
9857,123,2,7,114,11276,10294,101,881
9858,124,3,270,-149,11400,10564,104,732
9859,104,0,0,104,11504,10564,104,836
9860,0,0,0,0,11504,10564,104,836
9861,95,0,102,-7,11599,10666,104,829
9862,158,0,7,151,11757,10673,104,980
9863,149,8,124,17,11906,10797,112,997
9864,144,0,0,144,12050,10797,112,1141
9865,146,2,378,-234,12196,11175,114,907
9866,136,0,0,136,12332,11175,114,1043
9867,0,0,193,-193,12332,11368,114,850
9868,114,0,0,114,12446,11368,114,964
9869,121,0,238,-117,12567,11606,114,847
9870,144,0,0,144,12711,11606,114,991
9871,140,10,0,130,12851,11606,124,1121
9872,147,1,296,-150,12998,11902,125,971
9873,147,0,0,147,13145,11902,125,1118
9874,97,29,147,-79,13242,12049,154,1039
9875,125,14,117,-6,13367,12166,168,1033
9876,155,0,83,72,13522,12249,168,1105
9877,189,32,208,-51,13711,12457,200,1054
9878,147,14,153,-20,13858,12610,214,1034
9879,129,16,0,113,13987,12610,230,1147
9880,146,14,252,-120,14133,12862,244,1027
9881,125,15,0,110,14258,12862,259,1137
9882,219,5,239,-25,14477,13101,264,1112
9883,192,0,123,69,14669,13224,264,1181
9884,191,3,121,67,14860,13345,267,1248
9885,199,25,137,37,15059,13482,292,1285
9886,336,1,137,198,15395,13619,293,1483
9887,190,24,17,149,15585,13636,317,1632
9888,101,50,205,-154,15686,13841,367,1478
9889,259,26,122,111,15945,13963,393,1589
9890,282,11,108,163,16227,14071,404,1752
9891,288,7,156,125,16515,14227,411,1877
9892,296,0,143,153,16811,14370,411,2030
9893,298,1,0,297,17109,14370,412,2327
9894,241,6,269,-34,17350,14639,418,2293
9895,247,24,125,98,17597,14764,442,2391
9896,746,13,148,585,18343,14912,455,2976
9897,779,2,0,777,19122,14912,457,3753
9898,585,0,392,193,19707,15304,457,3946
9899,573,0,218,355,20280,15522,457,4301
9900,511,14,0,497,20791,15522,471,4798
9901,358,4,462,-108,21149,15984,475,4690
9902,130,1,0,129,21279,15984,476,4819
9903,403,13,430,-40,21682,16414,489,4779
9904,186,5,0,181,21868,16414,494,4960
9905,475,10,471,-6,22343,16885,504,4954
9906,422,14,0,408,22765,16885,518,5362
9907,287,9,606,-328,23052,17491,527,5034
9908,364,9,423,-68,23416,17914,536,4966
9909,132,11,342,-221,23548,18256,547,4745
9910,427,14,441,-28,23975,18697,561,4717
9911,487,4,418,65,24462,19115,565,4782
9912,397,1,367,29,24859,19482,566,4811
9913,431,12,360,59,25290,19842,578,4870
9914,456,20,315,121,25746,20157,598,4991
9915,569,9,511,49,26315,20668,607,5040
9916,170,3,304,-137,26485,20972,610,4903
9917,477,10,207,260,26962,21179,620,5163
9918,681,13,381,287,27643,21560,633,5450
9919,526,5,317,204,28169,21877,638,5654
9920,423,0,455,-32,28592,22332,638,5622
9921,363,1,439,-77,28955,22771,639,5545
9922,223,0,508,-285,29178,23279,639,5260
9923,65,6,490,-431,29243,23769,645,4829
9924,360,9,536,-185,29603,24305,654,4644
9925,386,1,526,-141,29989,24831,655,4503
9926,327,3,533,-209,30316,25364,658,4294
9927,562,1,513,48,30878,25877,659,4342
9928,493,10,528,-45,31371,26405,669,4297
9929,334,9,524,-199,31705,26929,678,4098
9930,220,9,534,-323,31925,27463,687,3775
9931,407,15,526,-134,32332,27989,702,3641
9932,180,5,526,-351,32512,28515,707,3290
9933,1,0,0,1,1,0,0,1
9934,0,0,0,0,1,0,0,1
9935,0,0,0,0,1,0,0,1
9936,0,0,0,0,1,0,0,1
9937,0,0,0,0,1,0,0,1
9938,0,0,0,0,1,0,0,1
9939,2,0,0,2,3,0,0,3
9940,0,0,0,0,3,0,0,3
9941,0,0,0,0,3,0,0,3
9942,0,0,0,0,3,0,0,3
9943,0,0,0,0,3,0,0,3
9944,0,0,0,0,3,0,0,3
9945,0,0,0,0,3,0,0,3
9946,0,0,0,0,3,0,0,3
9947,0,0,0,0,3,0,0,3
9948,0,0,0,0,3,0,0,3
9949,0,0,0,0,3,0,0,3
9950,0,0,0,0,3,0,0,3
9951,0,0,0,0,3,0,0,3
9952,0,0,0,0,3,0,0,3
9953,0,0,0,0,3,0,0,3
9954,0,0,0,0,3,0,0,3
9955,0,0,0,0,3,0,0,3
9956,0,0,0,0,3,0,0,3
9957,2,0,0,2,5,0,0,5
9958,0,0,1,-1,5,1,0,4
9959,0,0,0,0,5,1,0,4
9960,1,0,0,1,6,1,0,5
9961,0,0,0,0,6,1,0,5
9962,4,0,0,4,10,1,0,9
9963,5,0,0,5,15,1,0,14
9964,0,0,0,0,15,1,0,14
9965,1,1,0,0,16,1,1,14
9966,0,0,0,0,16,1,1,14
9967,0,0,0,0,16,1,1,14
9968,0,0,0,0,16,1,1,14
9969,8,0,3,5,24,4,1,19
9970,3,0,0,3,27,4,1,22
9971,0,0,0,0,27,4,1,22
9972,0,1,0,-1,27,4,2,21
9973,9,0,0,9,36,4,2,30
9974,0,0,0,0,36,4,2,30
9975,0,0,0,0,36,4,2,30
9976,0,0,0,0,36,4,2,30
9977,0,0,0,0,36,4,2,30
9978,5,0,1,4,41,5,2,34
9979,0,0,0,0,41,5,2,34
9980,4,0,1,3,45,6,2,37
9981,0,0,0,0,45,6,2,37
9982,0,0,0,0,45,6,2,37
9983,8,0,0,8,53,6,2,45
9984,9,0,4,5,62,10,2,50
9985,0,0,1,-1,62,11,2,49
9986,2,0,0,2,64,11,2,51
9987,0,1,0,-1,64,11,3,50
9988,0,0,0,0,64,11,3,50
9989,5,0,4,1,69,15,3,51
9990,0,0,0,0,69,15,3,51
9991,0,0,0,0,69,15,3,51
9992,1,0,0,1,70,15,3,52
9993,2,0,0,2,72,15,3,54
9994,5,0,1,4,77,16,3,58
9995,0,0,0,0,77,16,3,58
9996,0,0,0,0,77,16,3,58
9997,89,1,1,87,166,17,4,145
9998,0,0,0,0,166,17,4,145
9999,17,0,2,15,183,19,4,160
10000,6,0,0,6,189,19,4,166
10001,2,0,0,2,191,19,4,168
10002,0,0,1,-1,191,20,4,167
10003,11,0,5,6,202,25,4,173
10004,0,0,0,0,202,25,4,173
10005,0,0,0,0,202,25,4,173
10006,9,0,5,4,211,30,4,177
10007,4,0,21,-17,215,51,4,160
10008,0,0,0,0,215,51,4,160
10009,0,0,0,0,215,51,4,160
10010,0,0,49,-49,215,100,4,111
10011,11,0,8,3,226,108,4,114
10012,14,0,1,13,240,109,4,127
10013,1,0,3,-2,241,112,4,125
10014,0,0,0,0,241,112,4,125
10015,3,0,9,-6,244,121,4,119
10016,0,0,0,0,244,121,4,119
10017,0,0,3,-3,244,124,4,116
10018,7,0,7,0,251,131,4,116
10019,1,1,0,0,252,131,5,116
10020,5,0,10,-5,257,141,5,111
10021,0,0,3,-3,257,144,5,108
10022,2,0,10,-8,259,154,5,100
10023,0,0,1,-1,259,155,5,99
10024,4,0,17,-13,263,172,5,86
10025,3,0,2,1,266,174,5,87
10026,6,0,4,2,272,178,5,89
10027,5,0,2,3,277,180,5,92
10028,2,0,10,-8,279,190,5,84
10029,4,0,7,-3,283,197,5,81
10030,3,0,2,1,286,199,5,82
10031,5,0,4,1,291,203,5,83
10032,1,0,0,1,292,203,5,84
10033,34,0,0,34,326,203,5,118
10034,3,0,1,2,329,204,5,120
10035,3,0,10,-7,332,214,5,113
10036,0,0,3,-3,332,217,5,110
10037,2,0,0,2,334,217,5,112
10038,2,0,1,1,336,218,5,113
10039,1,0,1,0,337,219,5,113
10040,0,0,0,0,337,219,5,113
10041,3,0,2,1,340,221,5,114
10042,3,1,0,2,343,221,6,116
10043,0,0,0,0,343,221,6,116
10044,2,0,1,1,345,222,6,117
10045,18,0,12,6,363,234,6,123
10046,42,0,1,41,405,235,6,164
10047,56,1,12,43,461,247,7,207
10048,12,0,10,2,473,257,7,209
10049,4,0,4,0,477,261,7,209
10050,3,1,12,-10,480,273,8,199
10051,2,0,1,1,482,274,8,200
10052,5,0,11,-6,487,285,8,194
10053,7,0,2,5,494,287,8,199
10054,6,1,3,2,500,290,9,201
10055,7,0,22,-15,507,312,9,186
10056,2,0,18,-16,509,330,9,170
10057,2,0,5,-3,511,335,9,167
10058,7,0,1,6,518,336,9,173
10059,3,1,4,-2,521,340,10,171
10060,10,1,4,5,531,344,11,176
10061,9,0,2,7,540,346,11,183
10062,14,0,15,-1,554,361,11,182
10063,21,0,3,18,575,364,11,200
10064,12,0,8,4,587,372,11,204
10065,48,0,7,41,635,379,11,245
10066,35,0,3,32,670,382,11,277
10067,15,0,3,12,685,385,11,289
10068,27,1,4,22,712,389,12,311
10069,23,1,11,11,735,400,13,322
10070,17,0,1,16,752,401,13,338
10071,16,0,41,-25,768,442,13,313
10072,1,0,8,-7,769,450,13,306
10073,0,0,3,-3,769,453,13,303
10074,7,0,2,5,776,455,13,308
10075,6,0,7,-1,782,462,13,307
10076,0,0,8,-8,782,470,13,299
10077,5,0,7,-2,787,477,13,297
10078,0,0,3,-3,787,480,13,294
10079,2,1,47,-46,789,527,14,248
10080,68,0,73,-5,857,600,14,243
10081,35,2,8,25,892,608,16,268
10082,59,0,56,3,951,664,16,271
10083,27,0,14,13,978,678,16,284
10084,20,1,3,16,998,681,17,300
10085,22,0,12,10,1020,693,17,310
10086,0,0,21,-21,1020,714,17,289
10087,32,0,7,25,1052,721,17,314
10088,24,1,10,13,1076,731,18,327
10089,30,0,38,-8,1106,769,18,319
10090,33,0,43,-10,1139,812,18,309
10091,28,0,9,19,1167,821,18,328
10092,35,0,8,27,1202,829,18,355
10093,14,0,13,1,1216,842,18,356
10094,1,0,7,-6,1217,849,18,350
10095,0,0,0,0,1217,849,18,350
10096,60,0,16,44,1277,865,18,394
10097,22,1,19,2,1299,884,19,396
10098,11,1,9,1,1310,893,20,397
10099,13,2,7,4,1323,900,22,401
10100,4,2,8,-6,1327,908,24,395
10101,38,0,13,25,1365,921,24,420
10102,37,0,24,13,1402,945,24,433
10103,48,1,45,2,1450,990,25,435
10104,49,1,17,31,1499,1007,26,466
10105,38,0,0,38,1537,1007,26,504
10106,27,2,41,-16,1564,1048,28,488
10107,2,2,23,-23,1566,1071,30,465
10108,42,1,15,26,1608,1086,31,491
10109,15,1,5,9,1623,1091,32,500
10110,6,3,8,-5,1629,1099,35,495
10111,28,0,8,20,1657,1107,35,515
10112,19,1,9,9,1676,1116,36,524
10113,29,1,3,25,1705,1119,37,549
10114,0,0,51,-51,1705,1170,37,498
10115,11,1,23,-13,1716,1193,38,485
10116,24,1,29,-6,1740,1222,39,479
10117,26,2,11,13,1766,1233,41,492
10118,33,0,33,0,1799,1266,41,492
10119,33,1,10,22,1832,1276,42,514
10120,36,0,25,11,1868,1301,42,525
10121,22,0,11,11,1890,1312,42,536
10122,58,0,16,42,1948,1328,42,578
10123,59,2,9,48,2007,1337,44,626
10124,35,2,11,22,2042,1348,46,648
10125,17,0,15,2,2059,1363,46,650
10126,53,0,7,46,2112,1370,46,696
10127,71,1,0,70,2183,1370,47,766
10128,36,1,44,-9,2219,1414,48,757
10129,42,2,105,-65,2261,1519,50,692
10130,90,1,119,-30,2351,1638,51,662
10131,71,1,76,-6,2422,1714,52,656
10132,79,1,29,49,2501,1743,53,705
10133,175,0,58,117,2676,1801,53,822
10134,84,2,0,82,2760,1801,55,904
10135,19,3,42,-26,2779,1843,58,878
10136,36,2,61,-27,2815,1904,60,851
10137,41,0,14,27,2856,1918,60,878
10138,46,1,18,27,2902,1936,61,905
10139,79,0,47,32,2981,1983,61,937
10140,45,0,7,38,3026,1990,61,975
10141,36,1,22,13,3062,2012,62,988
10142,3,1,63,-61,3065,2075,63,927
10143,95,0,57,38,3160,2132,63,965
10144,96,1,47,48,3256,2179,64,1013
10145,100,0,34,66,3356,2213,64,1079
10146,63,1,71,-9,3419,2284,65,1070
10147,58,0,56,2,3477,2340,65,1072
10148,91,1,6,84,3568,2346,66,1156
10149,59,0,27,32,3627,2373,66,1188
10150,108,0,18,90,3735,2391,66,1278
10151,65,1,46,18,3800,2437,67,1296
10152,102,2,33,67,3902,2470,69,1363
10153,48,2,35,11,3950,2505,71,1374
10154,73,0,10,63,4023,2515,71,1437
10155,213,2,51,160,4236,2566,73,1597
10156,39,0,109,-70,4275,2675,73,1527
10157,26,0,238,-212,4301,2913,73,1315
10158,80,0,65,15,4381,2978,73,1330
10159,90,2,100,-12,4471,3078,75,1318
10160,77,1,74,2,4548,3152,76,1320
10161,72,1,104,-33,4620,3256,77,1287
10162,43,2,72,-31,4663,3328,79,1256
10163,10,0,63,-53,4673,3391,79,1203
10164,40,1,56,-17,4713,3447,80,1186
10165,144,0,110,34,4857,3557,80,1220
10166,44,0,116,-72,4901,3673,80,1148
10167,25,1,80,-56,4926,3753,81,1092
10168,24,1,91,-68,4950,3844,82,1024
10169,120,0,85,35,5070,3929,82,1059
10170,3,1,85,-83,5073,4014,83,976
10171,7,0,141,-134,5080,4155,83,842
10172,41,2,34,5,5121,4189,85,847
10173,42,0,49,-7,5163,4238,85,840
10174,79,2,25,52,5242,4263,87,892
10175,73,0,23,50,5315,4286,87,942
10176,46,1,18,27,5361,4304,88,969
10177,4,0,26,-22,5365,4330,88,947
10178,92,0,9,83,5457,4339,88,1030
10179,30,0,5,25,5487,4344,88,1055
10180,42,0,26,16,5529,4370,88,1071
10181,86,0,10,76,5615,4380,88,1147
10182,58,2,5,51,5673,4385,90,1198
10183,0,0,29,-29,5673,4414,90,1169
10184,41,1,44,-4,5714,4458,91,1165
10185,17,0,3,14,5731,4461,91,1179
10186,96,0,0,96,5827,4461,91,1275
10187,70,0,0,70,5897,4461,91,1345
10188,76,2,0,74,5973,4461,93,1419
10189,66,1,0,65,6039,4461,94,1484
10190,49,1,0,48,6088,4461,95,1532
10191,14,1,9,4,6102,4470,96,1536
10192,65,0,18,47,6167,4488,96,1583
10193,52,1,0,51,6219,4488,97,1634
10194,46,0,109,-63,6265,4597,97,1571
10195,102,5,128,-31,6367,4725,102,1540
10196,73,0,129,-56,6440,4854,102,1484
10197,62,3,2,57,6502,4856,105,1541
10198,1,1,138,-138,6503,4994,106,1403
10199,91,0,108,-17,6594,5102,106,1386
10200,68,1,94,-27,6662,5196,107,1359
10201,77,2,104,-29,6739,5300,109,1330
10202,64,3,66,-5,6803,5366,112,1325
10203,63,0,15,48,6866,5381,112,1373
10204,58,3,27,28,6924,5408,115,1401
10205,36,0,114,-78,6960,5522,115,1323
10206,21,0,50,-29,6981,5572,115,1294
10207,75,0,12,63,7056,5584,115,1357
10208,1,0,17,-16,7057,5601,115,1341
10209,31,0,50,-19,7088,5651,115,1322
10210,40,1,17,22,7128,5668,116,1344
10211,55,0,15,40,7183,5683,116,1384
10212,2,0,51,-49,7185,5734,116,1335
10213,57,3,30,24,7242,5764,119,1359
10214,94,0,51,43,7336,5815,119,1402
10215,29,1,81,-53,7365,5896,120,1349
10216,54,1,98,-45,7419,5994,121,1304
10217,59,1,19,39,7478,6013,122,1343
10218,72,1,17,54,7550,6030,123,1397
10219,6,0,65,-59,7556,6095,123,1338
10220,59,3,92,-36,7615,6187,126,1302
10221,38,3,7,28,7653,6194,129,1330
10222,69,0,28,41,7722,6222,129,1371
10223,35,1,24,10,7757,6246,130,1381
10224,4,0,45,-41,7761,6291,130,1340
10225,26,0,0,26,7787,6291,130,1366
10226,4,2,121,-119,7791,6412,132,1247
10227,15,11,107,-103,7806,6519,143,1144
10228,63,2,137,-76,7869,6656,145,1068
10229,38,2,24,12,7907,6680,147,1080
10230,79,0,2,77,7986,6682,147,1157
10231,33,2,23,8,8019,6705,149,1165
10232,34,2,0,32,8053,6705,151,1197
10233,17,1,105,-89,8070,6810,152,1108
10234,30,2,102,-74,8100,6912,154,1034
10235,34,2,99,-67,8134,7011,156,967
10236,49,1,2,46,8183,7013,157,1013
10237,62,1,1,60,8245,7014,158,1073
10238,56,2,11,43,8301,7025,160,1116
10239,99,0,0,99,8400,7025,160,1215
10240,29,1,39,-11,8429,7064,161,1204
10241,70,1,25,44,8499,7089,162,1248
10242,91,1,19,71,8590,7108,163,1319
10243,72,2,25,45,8662,7133,165,1364
10244,35,0,27,8,8697,7160,165,1372
10245,75,3,20,52,8772,7180,168,1424
10246,64,0,58,6,8836,7238,168,1430
10247,16,0,53,-37,8852,7291,168,1393
10248,48,0,33,15,8900,7324,168,1408
10249,39,0,44,-5,8939,7368,168,1403
10250,77,1,1,75,9016,7369,169,1478
10251,92,2,73,17,9108,7442,171,1495
10252,65,0,11,54,9173,7453,171,1549
10253,43,2,16,25,9216,7469,173,1574
10254,12,0,50,-38,9228,7519,173,1536
10255,33,0,56,-23,9261,7575,173,1513
10256,38,1,55,-18,9299,7630,174,1495
10257,61,1,48,12,9360,7678,175,1507
10258,37,1,14,22,9397,7692,176,1529
10259,46,0,75,-29,9443,7767,176,1500
10260,58,0,77,-19,9501,7844,176,1481
10261,16,1,47,-32,9517,7891,177,1449
10262,31,3,55,-27,9548,7946,180,1422
10263,26,0,34,-8,9574,7980,180,1414
10264,47,0,54,-7,9621,8034,180,1407
10265,31,0,71,-40,9652,8105,180,1367
10266,34,0,93,-59,9686,8198,180,1308
10267,48,0,13,35,9734,8211,180,1343
10268,7,0,215,-208,9741,8426,180,1135
10269,17,4,15,-2,9758,8441,184,1133
10270,12,2,37,-27,9770,8478,186,1106
10271,20,1,269,-250,9790,8747,187,856
10272,26,1,68,-43,9816,8815,188,813
10273,8,0,52,-44,9824,8867,188,769
10274,15,2,7,6,9839,8874,190,775
10275,8,0,8,0,9847,8882,190,775
10276,11,0,8,3,9858,8890,190,778
10277,14,0,25,-11,9872,8915,190,767
10278,28,1,38,-11,9900,8953,191,756
10279,17,0,117,-100,9917,9070,191,656
10280,15,0,35,-20,9932,9105,191,636
10281,22,0,1,21,9954,9106,191,657
10282,28,0,27,1,9982,9133,191,658
10283,7,1,45,-39,9989,9178,192,619
10284,10,0,17,-7,9999,9195,192,612
10285,16,1,63,-48,10015,9258,193,564
10286,10,0,22,-12,10025,9280,193,552
10287,14,0,0,14,10039,9280,193,566
10288,4,1,2,1,10043,9282,194,567
10289,11,0,2,9,10054,9284,194,576
10290,7,3,17,-13,10061,9301,197,563
10291,19,0,30,-11,10080,9331,197,552
10292,3,1,6,-4,10083,9337,198,548
10293,8,2,23,-17,10091,9360,200,531
10294,2,0,24,-22,10093,9384,200,509
10295,5,0,0,5,10098,9384,200,514
10296,9,1,25,-17,10107,9409,201,497
10297,13,0,11,2,10120,9420,201,499
10298,5,0,3,2,10125,9423,201,501
10299,14,0,21,-7,10139,9444,201,494
10300,0,0,4,-4,10139,9448,201,490
10301,2,1,0,1,10141,9448,202,491
10302,3,0,0,3,10144,9448,202,494
10303,3,0,1,2,10147,9449,202,496
10304,7,1,14,-8,10154,9463,203,488
10305,12,0,57,-45,10166,9520,203,443
10306,5,0,0,5,10171,9520,203,448
10307,6,0,1,5,10177,9521,203,453
10308,26,0,0,26,10203,9521,203,479
10309,17,1,0,16,10220,9521,204,495
10310,0,0,3,-3,10220,9524,204,492
10311,2,0,18,-16,10222,9542,204,476
10312,3,0,0,3,10225,9542,204,479
10313,1,0,1,0,10226,9543,204,479
10314,6,0,42,-36,10232,9585,204,443
10315,13,1,0,12,10245,9585,205,455
10316,4,0,3,1,10249,9588,205,456
10317,4,0,16,-12,10253,9604,205,444
10318,7,0,22,-15,10260,9626,205,429
10319,7,0,2,5,10267,9628,205,434
10320,6,0,5,1,10273,9633,205,435
10321,2,0,1,1,10275,9634,205,436
10322,0,0,0,0,10275,9634,205,436
10323,8,0,0,8,10283,9634,205,444
10324,0,0,0,0,10283,9634,205,444
10325,10,1,31,-22,10293,9665,206,422
10326,5,0,1,4,10298,9666,206,426
10327,16,0,4,12,10314,9670,206,438
10328,1,0,19,-18,10315,9689,206,420
10329,1,0,0,1,10316,9689,206,421
10330,2,0,0,2,10318,9689,206,423
10331,1,0,19,-18,10319,9708,206,405
10332,2,0,5,-3,10321,9713,206,402
10333,2,0,12,-10,10323,9725,206,392
10334,2,0,0,2,10325,9725,206,394
10335,6,0,26,-20,10331,9751,206,374
10336,4,0,2,2,10335,9753,206,376
10337,12,0,4,8,10347,9757,206,384
10338,6,0,5,1,10353,9762,206,385
10339,8,2,16,-10,10361,9778,208,375
10340,1,1,13,-13,10362,9791,209,362
10341,10,0,21,-11,10372,9812,209,351
10342,10,0,1,9,10382,9813,209,360
10343,3,0,1,2,10385,9814,209,362
10344,2,0,0,2,10387,9814,209,364
10345,3,0,0,3,10390,9814,209,367
10346,6,0,3,3,10396,9817,209,370
10347,11,0,5,6,10407,9822,209,376
10348,8,0,0,8,10415,9822,209,384
10349,5,0,62,-57,10420,9884,209,327
10350,7,1,1,5,10427,9885,210,332
10351,0,1,0,-1,10427,9885,211,331
10352,0,1,13,-14,10427,9898,212,317
10353,4,0,0,4,10431,9898,212,321
10354,10,0,30,-20,10441,9928,212,301
10355,2,2,17,-17,10443,9945,214,284
10356,7,0,10,-3,10450,9955,214,281
10357,0,0,1,-1,10450,9956,214,280
10358,3,0,0,3,10453,9956,214,283
10359,2,0,12,-10,10455,9968,214,273
10360,8,0,7,1,10463,9975,214,274
10361,7,1,7,-1,10470,9982,215,273
10362,0,0,0,0,10470,9982,215,273
10363,0,0,0,0,10470,9982,215,273
10364,0,0,1,-1,10470,9983,215,272
10365,0,0,0,0,10470,9983,215,272
10366,1,0,14,-13,10471,9997,215,259
10367,1,1,30,-30,10472,10027,216,229
10368,5,1,2,2,10477,10029,217,231
10369,15,0,2,13,10492,10031,217,244
10370,1,0,3,-2,10493,10034,217,242
10371,0,0,8,-8,10493,10042,217,234
10372,1,0,3,-2,10494,10045,217,232
10373,2,0,5,-3,10496,10050,217,229
10374,2,0,1,1,10498,10051,217,230
10375,0,0,2,-2,10498,10053,217,228
10376,1,0,0,1,10499,10053,217,229
10377,6,0,10,-4,10505,10063,217,225
10378,7,0,21,-14,10512,10084,217,211
10379,7,0,0,7,10519,10084,217,218
10380,1,0,1,0,10520,10085,217,218
10381,4,0,0,4,10524,10085,217,222
10382,0,0,3,-3,10524,10088,217,219
10383,2,0,12,-10,10526,10100,217,209
10384,1,0,2,-1,10527,10102,217,208
10385,10,0,3,7,10537,10105,217,215
10386,1,0,0,1,10538,10105,217,216
10387,5,0,1,4,10543,10106,217,220
10388,7,0,5,2,10550,10111,217,222
10389,5,0,0,5,10555,10111,217,227
10390,19,0,4,15,10574,10115,217,242
10391,8,0,0,8,10582,10115,217,250
10392,6,0,0,6,10588,10115,217,256
10393,8,2,1,5,10596,10116,219,261
10394,3,0,3,0,10599,10119,219,261
10395,11,0,0,11,10610,10119,219,272
10396,11,0,2,9,10621,10121,219,281
10397,11,1,8,2,10632,10129,220,283
10398,41,1,6,34,10673,10135,221,317
10399,22,1,9,12,10695,10144,222,329
10400,29,1,0,28,10724,10144,223,357
10401,3,0,5,-2,10727,10149,223,355
10402,64,0,5,59,10791,10154,223,414
10403,87,1,4,82,10878,10158,224,496
10404,26,1,3,22,10904,10161,225,518
10405,163,2,26,135,11067,10187,227,653
10406,63,2,1,60,11130,10188,229,713
10407,109,0,3,106,11239,10191,229,819
10408,30,1,0,29,11269,10191,230,848
10409,37,2,26,9,11306,10217,232,857
10410,68,3,1,64,11374,10218,235,921
10411,100,2,50,48,11474,10268,237,969
10412,199,0,4,195,11673,10272,237,1164
10413,137,2,10,125,11810,10282,239,1289
10414,138,2,46,90,11948,10328,241,1379
10415,32,2,35,-5,11980,10363,243,1374
10416,89,4,23,62,12069,10386,247,1436
10417,119,2,15,102,12188,10401,249,1538
10418,135,1,8,126,12323,10409,250,1664
10419,124,1,3,120,12447,10412,251,1784
10420,116,5,21,90,12563,10433,256,1874
10421,237,7,44,186,12800,10477,263,2060
10422,34,1,124,-91,12834,10601,264,1969
10423,150,0,114,36,12984,10715,264,2005
10424,135,4,176,-45,13119,10891,268,1960
10425,222,3,69,150,13341,10960,271,2110
10426,141,3,103,35,13482,11063,274,2145
10427,176,2,147,27,13658,11210,276,2172
10428,159,6,126,27,13817,11336,282,2199
10429,123,3,9,111,13940,11345,285,2310
10430,161,1,45,115,14101,11390,286,2425
10431,206,3,141,62,14307,11531,289,2487
10432,137,8,152,-23,14444,11683,297,2464
10433,274,5,141,128,14718,11824,302,2592
10434,226,8,127,91,14944,11951,310,2683
10435,311,1,93,217,15255,12044,311,2900
10436,114,12,124,-22,15369,12168,323,2878
10437,258,4,130,124,15627,12298,327,3002
10438,233,9,103,121,15860,12401,336,3123
10439,232,7,111,114,16092,12512,343,3237
10440,121,5,235,-119,16213,12747,348,3118
10441,162,7,106,49,16375,12853,355,3167
10442,125,8,166,-49,16500,13019,363,3118
10443,135,7,100,28,16635,13119,370,3146
10444,255,8,100,147,16890,13219,378,3293
10445,189,6,195,-12,17079,13414,384,3281
10446,218,6,182,30,17297,13596,390,3311
10447,201,6,119,76,17498,13715,396,3387
10448,241,7,202,32,17739,13917,403,3419
10449,102,6,79,17,17841,13996,409,3436
10450,89,4,178,-93,17930,14174,413,3343
10451,132,8,340,-216,18062,14514,421,3127
10452,90,6,230,-146,18152,14744,427,2981
10453,91,1,106,-16,18243,14850,428,2965
10454,130,4,111,15,18373,14961,432,2980
10455,104,6,190,-92,18477,15151,438,2888
10456,136,4,121,11,18613,15272,442,2899
10457,86,2,169,-85,18699,15441,444,2814
10458,85,3,267,-185,18784,15708,447,2629
10459,62,4,102,-44,18846,15810,451,2585
10460,2,0,0,2,2,0,0,2
10461,1,0,0,1,3,0,0,3
10462,0,0,0,0,3,0,0,3
10463,0,0,0,0,3,0,0,3
10464,4,1,0,3,7,0,1,6
10465,0,1,0,-1,7,0,2,5
10466,0,0,0,0,7,0,2,5
10467,0,0,0,0,7,0,2,5
10468,3,1,0,2,10,0,3,7
10469,0,0,0,0,10,0,3,7
10470,0,0,0,0,10,0,3,7
10471,1,0,0,1,11,0,3,8
10472,0,0,0,0,11,0,3,8
10473,3,2,0,1,14,0,5,9
10474,1,0,2,-1,15,2,5,8
10475,5,0,0,5,20,2,5,13
10476,0,0,2,-2,20,4,5,11
10477,0,0,0,0,20,4,5,11
10478,1,0,0,1,21,4,5,12
10479,0,0,0,0,21,4,5,12
10480,0,0,0,0,21,4,5,12
10481,5,0,0,5,26,4,5,17
10482,0,0,0,0,26,4,5,17
10483,0,0,0,0,26,4,5,17
10484,0,0,0,0,26,4,5,17
10485,0,0,0,0,26,4,5,17
10486,1,0,1,0,27,5,5,17
10487,0,0,1,-1,27,6,5,16
10488,11,0,0,11,38,6,5,27
10489,0,0,0,0,38,6,5,27
10490,0,0,1,-1,38,7,5,26
10491,4,0,0,4,42,7,5,30
10492,0,0,1,-1,42,8,5,29
10493,2,0,2,0,44,10,5,29
10494,2,0,3,-1,46,13,5,28
10495,0,0,7,-7,46,20,5,21
10496,4,0,0,4,50,20,5,25
10497,0,0,0,0,50,20,5,25
10498,0,0,0,0,50,20,5,25
10499,4,0,0,4,54,20,5,29
10500,1,0,1,0,55,21,5,29
10501,8,0,5,3,63,26,5,32
10502,0,0,0,0,63,26,5,32
10503,3,0,0,3,66,26,5,35
10504,0,0,0,0,66,26,5,35
10505,0,1,0,-1,66,26,6,34
10506,0,1,0,-1,66,26,7,33
10507,0,0,0,0,66,26,7,33
10508,0,0,0,0,66,26,7,33
10509,0,0,0,0,66,26,7,33
10510,0,1,2,-3,66,28,8,30
10511,0,0,2,-2,66,30,8,28
10512,1,0,0,1,67,30,8,29
10513,16,0,2,14,83,32,8,43
10514,1,0,4,-3,84,36,8,40
10515,2,0,0,2,86,36,8,42
10516,16,0,2,14,102,38,8,56
10517,4,0,5,-1,106,43,8,55
10518,0,0,4,-4,106,47,8,51
10519,4,2,5,-3,110,52,10,48
10520,7,1,0,6,117,52,11,54
10521,0,0,2,-2,117,54,11,52
10522,2,0,0,2,119,54,11,54
10523,0,0,0,0,119,54,11,54
10524,13,0,0,13,132,54,11,67
10525,1,0,11,-10,133,65,11,57
10526,1,0,4,-3,134,69,11,54
10527,2,0,5,-3,136,74,11,51
10528,0,0,6,-6,136,80,11,45
10529,0,0,4,-4,136,84,11,41
10530,4,0,3,1,140,87,11,42
10531,1,0,11,-10,141,98,11,32
10532,2,0,3,-1,143,101,11,31
10533,1,0,1,0,144,102,11,31
10534,1,0,3,-2,145,105,11,29
10535,3,0,3,0,148,108,11,29
10536,2,0,1,1,150,109,11,30
10537,2,0,0,2,152,109,11,32
10538,1,0,2,-1,153,111,11,31
10539,12,1,3,8,165,114,12,39
10540,1,0,1,0,166,115,12,39
10541,0,0,0,0,166,115,12,39
10542,0,0,2,-2,166,117,12,37
10543,3,0,1,2,169,118,12,39
10544,2,0,3,-1,171,121,12,38
10545,1,0,2,-1,172,123,12,37
10546,8,0,5,3,180,128,12,40
10547,1,0,0,1,181,128,12,41
10548,0,0,0,0,181,128,12,41
10549,0,0,0,0,181,128,12,41
10550,2,0,7,-5,183,135,12,36
10551,4,0,0,4,187,135,12,40
10552,0,0,2,-2,187,137,12,38
10553,1,0,4,-3,188,141,12,35
10554,0,0,7,-7,188,148,12,28
10555,0,0,1,-1,188,149,12,27
10556,2,0,2,0,190,151,12,27
10557,1,0,2,-1,191,153,12,26
10558,2,0,0,2,193,153,12,28
10559,0,0,0,0,193,153,12,28
10560,0,0,1,-1,193,154,12,27
10561,2,0,1,1,195,155,12,28
10562,6,0,4,2,201,159,12,30
10563,0,0,0,0,201,159,12,30
10564,1,0,0,1,202,159,12,31
10565,1,0,1,0,203,160,12,31
10566,2,0,4,-2,205,164,12,29
10567,0,0,0,0,205,164,12,29
10568,3,0,3,0,208,167,12,29
10569,1,0,1,0,209,168,12,29
10570,0,0,0,0,209,168,12,29
10571,6,0,1,5,215,169,12,34
10572,4,0,0,4,219,169,12,38
10573,1,0,1,0,220,170,12,38
10574,9,0,0,9,229,170,12,47
10575,2,0,4,-2,231,174,12,45
10576,0,0,3,-3,231,177,12,42
10577,1,0,1,0,232,178,12,42
10578,5,0,1,4,237,179,12,46
10579,9,0,3,6,246,182,12,52
10580,0,0,3,-3,246,185,12,49
10581,1,0,2,-1,247,187,12,48
10582,3,0,3,0,250,190,12,48
10583,2,0,2,0,252,192,12,48
10584,0,0,3,-3,252,195,12,45
10585,0,0,0,0,252,195,12,45
10586,3,0,0,3,255,195,12,48
10587,0,0,0,0,255,195,12,48
10588,0,0,0,0,255,195,12,48
10589,16,1,0,15,271,195,13,63
10590,26,0,16,10,297,211,13,73
10591,0,0,1,-1,297,212,13,72
10592,1,0,3,-2,298,215,13,70
10593,1,0,4,-3,299,219,13,67
10594,4,0,2,2,303,221,13,69
10595,4,0,5,-1,307,226,13,68
10596,0,0,0,0,307,226,13,68
10597,9,0,1,8,316,227,13,76
10598,2,0,1,1,318,228,13,77
10599,2,0,2,0,320,230,13,77
10600,7,0,4,3,327,234,13,80
10601,5,0,0,5,332,234,13,85
10602,0,0,13,-13,332,247,13,72
10603,9,1,0,8,341,247,14,80
10604,2,0,31,-29,343,278,14,51
10605,0,0,0,0,343,278,14,51
10606,3,0,2,1,346,280,14,52
10607,6,0,1,5,352,281,14,57
10608,1,0,1,0,353,282,14,57
10609,3,0,1,2,356,283,14,59
10610,6,0,0,6,362,283,14,65
10611,3,0,12,-9,365,295,14,56
10612,4,0,0,4,369,295,14,60
10613,2,0,15,-13,371,310,14,47
10614,5,0,11,-6,376,321,14,41
10615,2,0,0,2,378,321,14,43
10616,4,0,0,4,382,321,14,47
10617,7,0,3,4,389,324,14,51
10618,6,0,5,1,395,329,14,52
10619,4,2,0,2,399,329,16,54
10620,11,0,5,6,410,334,16,60
10621,14,1,2,11,424,336,17,71
10622,4,0,2,2,428,338,17,73
10623,12,1,1,10,440,339,18,83
10624,12,1,6,5,452,345,19,88
10625,3,2,0,1,455,345,21,89
10626,11,0,6,5,466,351,21,94
10627,22,1,10,11,488,361,22,105
10628,21,0,2,19,509,363,22,124
10629,2,0,3,-1,511,366,22,123
10630,44,0,0,44,555,366,22,167
10631,0,0,5,-5,555,371,22,162
10632,60,1,8,51,615,379,23,213
10633,29,0,6,23,644,385,23,236
10634,22,2,22,-2,666,407,25,234
10635,21,1,21,-1,687,428,26,233
10636,7,1,2,4,694,430,27,237
10637,21,1,6,14,715,436,28,251
10638,13,1,0,12,728,436,29,263
10639,10,0,0,10,738,436,29,273
10640,24,1,24,-1,762,460,30,272
10641,16,0,34,-18,778,494,30,254
10642,21,0,0,21,799,494,30,275
10643,15,0,25,-10,814,519,30,265
10644,12,0,63,-51,826,582,30,214
10645,15,0,14,1,841,596,30,215
10646,10,0,19,-9,851,615,30,206
10647,24,0,14,10,875,629,30,216
10648,19,3,11,5,894,640,33,221
10649,13,0,16,-3,907,656,33,218
10650,25,3,17,5,932,673,36,223
10651,10,0,9,1,942,682,36,224
10652,9,0,13,-4,951,695,36,220
10653,37,0,16,21,988,711,36,241
10654,27,0,22,5,1015,733,36,246
10655,16,2,0,14,1031,733,38,260
10656,58,0,16,42,1089,749,38,302
10657,0,1,17,-18,1089,766,39,284
10658,31,2,3,26,1120,769,41,310
10659,11,0,1,10,1131,770,41,320
10660,16,0,0,16,1147,770,41,336
10661,15,0,0,15,1162,770,41,351
10662,42,5,17,20,1204,787,46,371
10663,17,1,0,16,1221,787,47,387
10664,29,0,63,-34,1250,850,47,353
10665,35,1,20,14,1285,870,48,367
10666,13,3,20,-10,1298,890,51,357
10667,42,2,24,16,1340,914,53,373
10668,36,1,0,35,1376,914,54,408
10669,44,1,0,43,1420,914,55,451
10670,40,2,23,15,1460,937,57,466
10671,62,2,4,56,1522,941,59,522
10672,29,3,0,26,1551,941,62,548
10673,50,0,2,48,1601,943,62,596
10674,45,3,6,36,1646,949,65,632
10675,40,4,0,36,1686,949,69,668
10676,43,2,39,2,1729,988,71,670
10677,28,3,46,-21,1757,1034,74,649
10678,37,1,25,11,1794,1059,75,660
10679,31,2,0,29,1825,1059,77,689
10680,26,2,74,-50,1851,1133,79,639
10681,33,0,1,32,1884,1134,79,671
10682,52,3,2,47,1936,1136,82,718
10683,48,4,43,1,1984,1179,86,719
10684,38,2,2,34,2022,1181,88,753
10685,44,3,0,41,2066,1181,91,794
10686,39,1,81,-43,2105,1262,92,751
10687,60,6,6,48,2165,1268,98,799
10688,86,6,19,61,2251,1287,104,860
10689,0,0,4,-4,2251,1291,104,856
10690,99,0,22,77,2350,1313,104,933
10691,95,1,30,64,2445,1343,105,997
10692,137,3,11,123,2582,1354,108,1120
10693,87,0,26,61,2669,1380,108,1181
10694,14,3,58,-47,2683,1438,111,1134
10695,61,2,12,47,2744,1450,113,1181
10696,22,3,117,-98,2766,1567,116,1083
10697,0,0,3,-3,2766,1570,116,1080
10698,125,4,49,72,2891,1619,120,1152
10699,44,1,3,40,2935,1622,121,1192
10700,46,0,50,-4,2981,1672,121,1188
10701,46,3,9,34,3027,1681,124,1222
10702,60,11,50,-1,3087,1731,135,1221
10703,67,0,9,58,3154,1740,135,1279
10704,84,9,50,25,3238,1790,144,1304
10705,102,9,30,63,3340,1820,153,1367
10706,157,10,84,63,3497,1904,163,1430
10707,125,6,71,48,3622,1975,169,1478
10708,56,3,29,24,3678,2004,172,1502
10709,145,1,37,107,3823,2041,173,1609
10710,116,0,50,66,3939,2091,173,1675
10711,54,0,58,-4,3993,2149,173,1671
10712,54,2,50,2,4047,2199,175,1673
10713,81,2,56,23,4128,2255,177,1696
10714,65,2,39,24,4193,2294,179,1720
10715,55,1,92,-38,4248,2386,180,1682
10716,34,1,176,-143,4282,2562,181,1539
10717,64,5,42,17,4346,2604,186,1556
10718,80,3,54,23,4426,2658,189,1579
10719,65,5,61,-1,4491,2719,194,1578
10720,62,4,72,-14,4553,2791,198,1564
10721,66,4,3,59,4619,2794,202,1623
10722,79,3,87,-11,4698,2881,205,1612
10723,78,12,13,53,4776,2894,217,1665
10724,73,4,158,-89,4849,3052,221,1576
10725,78,8,117,-47,4927,3169,229,1529
10726,103,3,147,-47,5030,3316,232,1482
10727,95,1,77,17,5125,3393,233,1499
10728,95,5,51,39,5220,3444,238,1538
10729,112,2,46,64,5332,3490,240,1602
10730,132,0,12,120,5464,3502,240,1722
10731,73,1,48,24,5537,3550,241,1746
10732,111,1,24,86,5648,3574,242,1832
10733,78,1,95,-18,5726,3669,243,1814
10734,65,4,51,10,5791,3720,247,1824
10735,65,3,108,-46,5856,3828,250,1778
10736,91,4,98,-11,5947,3926,254,1767
10737,78,5,73,0,6025,3999,259,1767
10738,102,3,92,7,6127,4091,262,1774
10739,64,7,87,-30,6191,4178,269,1744
10740,85,5,140,-60,6276,4318,274,1684
10741,80,3,197,-120,6356,4515,277,1564
10742,115,0,6,109,6471,4521,277,1673
10743,81,3,42,36,6552,4563,280,1709
10744,62,7,96,-41,6614,4659,287,1668
10745,82,5,66,11,6696,4725,292,1679
10746,87,33,96,-42,6783,4821,325,1637
10747,92,13,53,26,6875,4874,338,1663
10748,122,2,47,73,6997,4921,340,1736
10749,119,6,22,91,7116,4943,346,1827
10750,97,3,46,48,7213,4989,349,1875
10751,135,5,99,31,7348,5088,354,1906
10752,193,13,53,127,7541,5141,367,2033
10753,108,17,102,-11,7649,5243,384,2022
10754,96,13,99,-16,7745,5342,397,2006
10755,166,5,81,80,7911,5423,402,2086
10756,114,8,54,52,8025,5477,410,2138
10757,118,9,52,57,8143,5529,419,2195
10758,85,6,37,42,8228,5566,425,2237
10759,124,7,144,-27,8352,5710,432,2210
10760,174,2,87,85,8526,5797,434,2295
10761,128,5,217,-94,8654,6014,439,2201
10762,120,4,88,28,8774,6102,443,2229
10763,145,27,161,-43,8919,6263,470,2186
10764,165,6,46,113,9084,6309,476,2299
10765,108,3,170,-65,9192,6479,479,2234
10766,126,9,38,79,9318,6517,488,2313
10767,148,3,111,34,9466,6628,491,2347
10768,118,3,116,-1,9584,6744,494,2346
10769,146,4,78,64,9730,6822,498,2410
10770,145,7,77,61,9875,6899,505,2471
10771,134,5,131,-2,10009,7030,510,2469
10772,147,10,206,-69,10156,7236,520,2400
10773,165,8,130,27,10321,7366,528,2427
10774,124,7,167,-50,10445,7533,535,2377
10775,98,6,162,-70,10543,7695,541,2307
10776,114,11,123,-20,10657,7818,552,2287
10777,115,3,165,-53,10772,7983,555,2234
10778,114,2,134,-22,10886,8117,557,2212
10779,61,9,97,-45,10947,8214,566,2167
10780,98,4,174,-80,11045,8388,570,2087
10781,106,8,179,-81,11151,8567,578,2006
10782,66,6,130,-70,11217,8697,584,1936
10783,76,8,144,-76,11293,8841,592,1860
10784,75,6,215,-146,11368,9056,598,1714
10785,89,1,97,-9,11457,9153,599,1705
10786,68,1,94,-27,11525,9247,600,1678
10787,78,1,35,42,11603,9282,601,1720
10788,75,0,44,31,11678,9326,601,1751
10789,67,1,352,-286,11745,9678,602,1465
10790,79,9,267,-197,11824,9945,611,1268
10791,98,1,62,35,11922,10007,612,1303
10792,73,5,132,-64,11995,10139,617,1239
10793,92,7,179,-94,12087,10318,624,1145
10794,94,2,126,-34,12181,10444,626,1111
10795,68,3,93,-28,12249,10537,629,1083
10796,68,2,130,-64,12317,10667,631,1019
10797,68,4,115,-51,12385,10782,635,968
10798,82,1,35,46,12467,10817,636,1014
10799,68,7,95,-34,12535,10912,643,980
10800,73,6,70,-3,12608,10982,649,977
10801,50,8,74,-32,12658,11056,657,945
10802,59,6,69,-16,12717,11125,663,929
10803,56,2,59,-5,12773,11184,665,924
10804,45,4,79,-38,12818,11263,669,886
10805,41,0,69,-28,12859,11332,669,858
10806,48,0,51,-3,12907,11383,669,855
10807,53,2,79,-28,12960,11462,671,827
10808,60,0,65,-5,13020,11527,671,822
10809,58,3,160,-105,13078,11687,674,717
10810,46,5,22,19,13124,11709,679,736
10811,42,8,99,-65,13166,11808,687,671
10812,43,2,41,0,13209,11849,689,671
10813,48,2,30,16,13257,11879,691,687
10814,47,6,37,4,13304,11916,697,691
10815,43,4,47,-8,13347,11963,701,683
10816,41,2,65,-26,13388,12028,703,657
10817,37,8,61,-32,13425,12089,711,625
10818,40,2,59,-21,13465,12148,713,604
10819,54,6,30,18,13519,12178,719,622
10820,58,7,30,21,13577,12208,726,643
10821,36,6,41,-11,13613,12249,732,632
10822,37,2,61,-26,13650,12310,734,606
10823,51,3,34,14,13701,12344,737,620
10824,51,1,63,-13,13752,12407,738,607
10825,43,1,53,-11,13795,12460,739,596
10826,48,4,51,-7,13843,12511,743,589
10827,35,5,47,-17,13878,12558,748,572
10828,61,1,54,6,13939,12612,749,578
10829,51,5,71,-25,13990,12683,754,553
10830,29,2,49,-22,14019,12732,756,531
10831,43,2,38,3,14062,12770,758,534
10832,72,4,33,35,14134,12803,762,569
10833,44,5,70,-31,14178,12873,767,538
10834,28,2,27,-1,14206,12900,769,537
10835,28,2,41,-15,14234,12941,771,522
10836,38,0,25,13,14272,12966,771,535
10837,44,1,29,14,14316,12995,772,549
10838,39,2,32,5,14355,13027,774,554
10839,49,0,16,33,14404,13043,774,587
10840,54,2,22,30,14458,13065,776,617
10841,52,0,42,10,14510,13107,776,627
10842,68,0,16,52,14578,13123,776,679
10843,79,0,4,75,14657,13127,776,754
10844,58,3,57,-2,14715,13184,779,752
10845,48,2,21,25,14763,13205,781,777
10846,67,0,7,60,14830,13212,781,837
10847,70,0,4,66,14900,13216,781,903
10848,88,4,5,79,14988,13221,785,982
10849,91,6,35,50,15079,13256,791,1032
10850,107,3,33,71,15186,13289,794,1103
10851,88,2,40,46,15274,13329,796,1149
10852,63,1,30,32,15337,13359,797,1181
10853,80,2,61,17,15417,13420,799,1198
10854,68,1,26,41,15485,13446,800,1239
10855,81,0,25,56,15566,13471,800,1295
10856,67,7,75,-15,15633,13546,807,1280
10857,69,3,90,-24,15702,13636,810,1256
10858,115,2,155,-42,15817,13791,812,1214
10859,97,2,52,43,15914,13843,814,1257
10860,61,1,49,11,15975,13892,815,1268
10861,66,0,35,31,16041,13927,815,1299
10862,75,0,26,49,16116,13953,815,1348
10863,95,1,60,34,16211,14013,816,1382
10864,52,3,39,10,16263,14052,819,1392
10865,77,1,76,0,16340,14128,820,1392
10866,67,3,36,28,16407,14164,823,1420
10867,53,4,27,22,16460,14191,827,1442
10868,77,2,67,8,16537,14258,829,1450
10869,54,6,46,2,16591,14304,835,1452
10870,44,1,48,-5,16635,14352,836,1447
10871,85,18,217,-150,16720,14569,854,1297
10872,88,5,72,11,16808,14641,859,1308
10873,49,4,25,20,16857,14666,863,1328
10874,29,2,34,-7,16886,14700,865,1321
10875,65,0,15,50,16951,14715,865,1371
10876,58,2,24,32,17009,14739,867,1403
10877,60,5,92,-37,17069,14831,872,1366
10878,55,6,154,-105,17124,14985,878,1261
10879,64,2,18,44,17188,15003,880,1305
10880,69,23,143,-97,17257,15146,903,1208
10881,86,0,101,-15,17343,15247,903,1193
10882,70,6,56,8,17413,15303,909,1201
10883,104,0,29,75,17517,15332,909,1276
10884,94,1,41,52,17611,15373,910,1328
10885,84,3,41,40,17695,15414,913,1368
10886,75,2,57,16,17770,15471,915,1384
10887,56,5,95,-44,17826,15566,920,1340
10888,85,4,61,20,17911,15627,924,1360
10889,98,1,79,18,18009,15706,925,1378
10890,89,1,37,51,18098,15743,926,1429
10891,99,1,76,22,18197,15819,927,1451
10892,97,4,30,63,18294,15849,931,1514
10893,90,3,40,47,18384,15889,934,1561
10894,100,9,33,58,18484,15922,943,1619
10895,74,2,32,40,18558,15954,945,1659
10896,83,2,31,50,18641,15985,947,1709
10897,94,1,28,65,18735,16013,948,1774
10898,119,7,78,34,18854,16091,955,1808
10899,103,7,90,6,18957,16181,962,1814
10900,112,1,24,87,19069,16205,963,1901
10901,97,6,81,10,19166,16286,969,1911
10902,89,4,28,57,19255,16314,973,1968
10903,96,1,60,35,19351,16374,974,2003
10904,113,4,52,57,19464,16426,978,2060
10905,128,4,97,27,19592,16523,982,2087
10906,109,3,62,44,19701,16585,985,2131
10907,62,12,89,-39,19763,16674,997,2092
10908,92,57,720,-685,19855,17394,1054,1407
10909,88,10,215,-137,19943,17609,1064,1270
10910,117,10,204,-97,20060,17813,1074,1173
10911,141,5,107,29,20201,17920,1079,1202
10912,119,2,26,91,20320,17946,1081,1293
10913,72,4,121,-53,20392,18067,1085,1240
10914,142,3,36,103,20534,18103,1088,1343
10915,121,4,37,80,20655,18140,1092,1423
10916,153,1,53,99,20808,18193,1093,1522
10917,148,1,56,91,20956,18249,1094,1613
10918,235,2,120,113,21191,18369,1096,1726
10919,159,11,50,98,21350,18419,1107,1824
10920,125,1,39,85,21475,18458,1108,1909
10921,197,9,97,91,21672,18555,1117,2000
10922,206,2,88,116,21878,18643,1119,2116
10923,285,4,112,169,22163,18755,1123,2285
10924,286,0,70,216,22449,18825,1123,2501
10925,281,4,129,148,22730,18954,1127,2649
10926,306,4,52,250,23036,19006,1131,2899
10927,266,6,41,219,23302,19047,1137,3118
10928,320,1,16,303,23622,19063,1138,3421
10929,373,2,50,321,23995,19113,1140,3742
10930,383,7,76,300,24378,19189,1147,4042
10931,336,19,116,201,24714,19305,1166,4243
10932,326,4,44,278,25040,19349,1170,4521
10933,430,7,198,225,25470,19547,1177,4746
10934,325,41,520,-236,25795,20067,1218,4510
10935,320,0,20,300,26115,20087,1218,4810
10936,349,1,47,301,26464,20134,1219,5111
10937,420,20,403,-3,26884,20537,1239,5108
10938,448,2,77,369,27332,20614,1241,5477
10939,677,12,176,489,28009,20790,1253,5966
10940,650,11,128,511,28659,20918,1264,6477
10941,419,2,106,311,29078,21024,1266,6788
10942,441,15,148,278,29519,21172,1281,7066
10943,424,28,203,193,29943,21375,1309,7259
10944,445,11,105,329,30388,21480,1320,7588
10945,499,5,99,395,30887,21579,1325,7983
10946,399,6,74,319,31286,21653,1331,8302
10947,449,16,139,294,31735,21792,1347,8596
10948,581,255,491,-165,32316,22283,1602,8431
10949,517,180,1447,-1110,32833,23730,1782,7321
10950,687,94,631,-38,33520,24361,1876,7283
10951,569,89,300,180,34089,24661,1965,7463
10952,678,41,274,363,34767,24935,2006,7826
10953,581,75,632,-126,35348,25567,2081,7700
10954,472,74,689,-291,35820,26256,2155,7409
10955,599,54,666,-121,36419,26922,2209,7288
10956,717,88,338,291,37136,27260,2297,7579
10957,680,71,253,356,37816,27513,2368,7935
10958,696,45,619,32,38512,28132,2413,7967
10959,437,86,627,-276,38949,28759,2499,7691
10960,497,114,985,-602,39446,29744,2613,7089
10961,367,61,565,-259,39813,30309,2674,6830
10962,494,14,646,-166,40307,30955,2688,6664
10963,430,54,546,-170,40737,31501,2742,6494
10964,372,98,355,-81,41109,31856,2840,6413
10965,467,45,910,-488,41576,32766,2885,5925
10966,468,25,396,47,42044,33162,2910,5972
10967,382,52,423,-93,42426,33585,2962,5879
10968,375,28,201,146,42801,33786,2990,6025
10969,367,38,375,-46,43168,34161,3028,5979
10970,229,37,314,-122,43397,34475,3065,5857
10971,1,0,1,0,1,1,0,0
10972,0,0,0,0,1,1,0,0
10973,0,0,0,0,1,1,0,0
10974,0,0,0,0,1,1,0,0
10975,0,0,0,0,1,1,0,0
10976,0,0,0,0,1,1,0,0
10977,2,0,0,2,3,1,0,2
10978,0,0,0,0,3,1,0,2
10979,0,0,0,0,3,1,0,2
10980,0,1,0,-1,3,1,1,1
10981,0,0,0,0,3,1,1,1
10982,2,0,0,2,5,1,1,3
10983,3,1,0,2,8,1,2,5
10984,0,0,0,0,8,1,2,5
10985,0,0,0,0,8,1,2,5
10986,5,1,0,4,13,1,3,9
10987,0,0,1,-1,13,2,3,8
10988,4,0,0,4,17,2,3,12
10989,0,0,0,0,17,2,3,12
10990,0,0,2,-2,17,4,3,10
10991,1,0,0,1,18,4,3,11
10992,0,0,1,-1,18,5,3,10
10993,0,0,0,0,18,5,3,10
10994,2,0,0,2,20,5,3,12
10995,0,0,0,0,20,5,3,12
10996,0,0,0,0,20,5,3,12
10997,0,0,0,0,20,5,3,12
10998,0,0,0,0,20,5,3,12
10999,11,0,2,9,31,7,3,21
11000,5,0,0,5,36,7,3,26
11001,0,0,0,0,36,7,3,26
11002,4,0,6,-2,40,13,3,24
11003,0,0,0,0,40,13,3,24
11004,3,0,0,3,43,13,3,27
11005,1,0,1,0,44,14,3,27
11006,1,1,0,0,45,14,4,27
11007,0,0,0,0,45,14,4,27
11008,0,0,3,-3,45,17,4,24
11009,0,0,0,0,45,17,4,24
11010,0,0,0,0,45,17,4,24
11011,0,0,0,0,45,17,4,24
11012,0,0,0,0,45,17,4,24
11013,0,0,0,0,45,17,4,24
11014,2,0,0,2,47,17,4,26
11015,6,1,0,5,53,17,5,31
11016,18,1,0,17,71,17,6,48
11017,0,0,0,0,71,17,6,48
11018,3,0,9,-6,74,26,6,42
11019,8,1,0,7,82,26,7,49
11020,1,1,4,-4,83,30,8,45
11021,22,1,0,21,105,30,9,66
11022,9,0,1,8,114,31,9,74
11023,0,4,0,-4,114,31,13,70
11024,2,1,0,1,116,31,14,71
11025,10,0,0,10,126,31,14,81
11026,24,1,0,23,150,31,15,104
11027,30,4,0,26,180,31,19,130
11028,18,4,0,14,198,31,23,144
11029,3,2,1,0,201,32,25,144
11030,29,1,2,26,230,34,26,170
11031,9,1,0,8,239,34,27,178
11032,26,5,1,20,265,35,32,198
11033,16,2,1,13,281,36,34,211
11034,16,0,2,14,297,38,34,225
11035,9,1,1,7,306,39,35,232
11036,16,0,1,15,322,40,35,247
11037,17,2,11,4,339,51,37,251
11038,0,1,1,-2,339,52,38,249
11039,15,1,0,14,354,52,39,263
11040,23,4,4,15,377,56,43,278
11041,4,1,6,-3,381,62,44,275
11042,10,1,0,9,391,62,45,284
11043,79,1,0,78,470,62,46,362
11044,25,5,2,18,495,64,51,380
11045,15,3,9,3,510,73,54,383
11046,17,0,0,17,527,73,54,400
11047,18,0,7,11,545,80,54,411
11048,34,4,18,12,579,98,58,423
11049,56,0,0,56,635,98,58,479
11050,16,6,1,9,651,99,64,488
11051,7,0,2,5,658,101,64,493
11052,17,0,7,10,675,108,64,503
11053,26,6,7,13,701,115,70,516
11054,35,0,7,28,736,122,70,544
11055,25,3,7,15,761,129,73,559
11056,23,1,8,14,784,137,74,573
11057,24,3,3,18,808,140,77,591
11058,45,0,3,42,853,143,77,633
11059,1,2,2,-3,854,145,79,630
11060,7,1,2,4,861,147,80,634
11061,31,3,2,26,892,149,83,660
11062,36,4,3,29,928,152,87,689
11063,42,5,19,18,970,171,92,707
11064,54,2,1,51,1024,172,94,758
11065,32,0,0,32,1056,172,94,790
11066,26,0,5,21,1082,177,94,811
11067,27,0,10,17,1109,187,94,828
11068,20,2,14,4,1129,201,96,832
11069,30,1,18,11,1159,219,97,843
11070,19,4,14,1,1178,233,101,844
11071,13,2,17,-6,1191,250,103,838
11072,17,1,17,-1,1208,267,104,837
11073,10,2,31,-23,1218,298,106,814
11074,34,1,18,15,1252,316,107,829
11075,89,1,12,76,1341,328,108,905
11076,87,0,27,60,1428,355,108,965
11077,130,1,5,124,1558,360,109,1089
11078,75,0,5,70,1633,365,109,1159
11079,27,0,1,26,1660,366,109,1185
11080,20,1,8,11,1680,374,110,1196
11081,16,1,16,-1,1696,390,111,1195
11082,44,0,12,32,1740,402,111,1227
11083,29,1,15,13,1769,417,112,1240
11084,28,1,107,-80,1797,524,113,1160
11085,54,1,76,-23,1851,600,114,1137
11086,47,2,21,24,1898,621,116,1161
11087,64,2,39,23,1962,660,118,1184
11088,38,3,51,-16,2000,711,121,1168
11089,74,1,125,-52,2074,836,122,1116
11090,43,0,111,-68,2117,947,122,1048
11091,44,0,54,-10,2161,1001,122,1038
11092,54,1,23,30,2215,1024,123,1068
11093,47,0,38,9,2262,1062,123,1077
11094,50,0,23,27,2312,1085,123,1104
11095,44,3,64,-23,2356,1149,126,1081
11096,57,0,39,18,2413,1188,126,1099
11097,86,3,22,61,2499,1210,129,1160
11098,81,3,16,62,2580,1226,132,1222
11099,68,0,19,49,2648,1245,132,1271
11100,20,1,60,-41,2668,1305,133,1230
11101,78,1,49,28,2746,1354,134,1258
11102,29,0,37,-8,2775,1391,134,1250
11103,19,0,35,-16,2794,1426,134,1234
11104,28,1,31,-4,2822,1457,135,1230
11105,18,3,30,-15,2840,1487,138,1215
11106,20,0,88,-68,2860,1575,138,1147
11107,44,2,43,-1,2904,1618,140,1146
11108,72,0,20,52,2976,1638,140,1198
11109,36,3,51,-18,3012,1689,143,1180
11110,12,0,30,-18,3024,1719,143,1162
11111,126,0,20,106,3150,1739,143,1268
11112,61,0,82,-21,3211,1821,143,1247
11113,50,1,55,-6,3261,1876,144,1241
11114,21,2,91,-72,3282,1967,146,1169
11115,6,1,68,-63,3288,2035,147,1106
11116,27,1,82,-56,3315,2117,148,1050
11117,21,0,38,-17,3336,2155,148,1033
11118,65,1,36,28,3401,2191,149,1061
11119,50,0,134,-84,3451,2325,149,977
11120,70,0,29,41,3521,2354,149,1018
11121,30,0,67,-37,3551,2421,149,981
11122,3,5,34,-36,3554,2455,154,945
11123,44,0,30,14,3598,2485,154,959
11124,15,1,34,-20,3613,2519,155,939
11125,38,0,20,18,3651,2539,155,957
11126,34,0,62,-28,3685,2601,155,929
11127,66,0,49,17,3751,2650,155,946
11128,82,1,52,29,3833,2702,156,975
11129,15,0,36,-21,3848,2738,156,954
11130,45,0,33,12,3893,2771,156,966
11131,14,1,51,-38,3907,2822,157,928
11132,34,1,35,-2,3941,2857,158,926
11133,30,0,40,-10,3971,2897,158,916
11134,18,0,43,-25,3989,2940,158,891
11135,12,1,20,-9,4001,2960,159,882
11136,1,1,52,-52,4002,3012,160,830
11137,21,0,18,3,4023,3030,160,833
11138,22,0,24,-2,4045,3054,160,831
11139,18,0,36,-18,4063,3090,160,813
11140,21,0,26,-5,4084,3116,160,808
11141,21,0,40,-19,4105,3156,160,789
11142,44,1,12,31,4149,3168,161,820
11143,16,1,40,-25,4165,3208,162,795
11144,6,0,26,-20,4171,3234,162,775
11145,11,2,15,-6,4182,3249,164,769
11146,30,1,21,8,4212,3270,165,777
11147,20,0,25,-5,4232,3295,165,772
11148,22,2,30,-10,4254,3325,167,762
11149,40,1,26,13,4294,3351,168,775
11150,23,2,20,1,4317,3371,170,776
11151,12,1,28,-17,4329,3399,171,759
11152,6,0,16,-10,4335,3415,171,749
11153,22,1,36,-15,4357,3451,172,734
11154,33,0,12,21,4390,3463,172,755
11155,21,1,34,-14,4411,3497,173,741
11156,26,0,22,4,4437,3519,173,745
11157,7,0,36,-29,4444,3555,173,716
11158,12,2,20,-10,4456,3575,175,706
11159,31,1,22,8,4487,3597,176,714
11160,17,0,24,-7,4504,3621,176,707
11161,25,1,38,-14,4529,3659,177,693
11162,22,0,25,-3,4551,3684,177,690
11163,25,0,27,-2,4576,3711,177,688
11164,19,1,41,-23,4595,3752,178,665
11165,35,0,15,20,4630,3767,178,685
11166,22,1,51,-30,4652,3818,179,655
11167,32,0,23,9,4684,3841,179,664
11168,18,1,35,-18,4702,3876,180,646
11169,41,0,28,13,4743,3904,180,659
11170,54,0,50,4,4797,3954,180,663
11171,6,1,48,-43,4803,4002,181,620
11172,8,0,20,-12,4811,4022,181,608
11173,44,1,22,21,4855,4044,182,629
11174,12,1,30,-19,4867,4074,183,610
11175,62,2,38,22,4929,4112,185,632
11176,30,0,32,-2,4959,4144,185,630
11177,26,1,41,-16,4985,4185,186,614
11178,41,2,24,15,5026,4209,188,629
11179,22,2,27,-7,5048,4236,190,622
11180,27,2,24,1,5075,4260,192,623
11181,13,2,26,-15,5088,4286,194,608
11182,45,0,28,17,5133,4314,194,625
11183,44,1,29,14,5177,4343,195,639
11184,33,0,33,0,5210,4376,195,639
11185,22,0,31,-9,5232,4407,195,630
11186,11,2,25,-16,5243,4432,197,614
11187,43,2,15,26,5286,4447,199,640
11188,65,1,36,28,5351,4483,200,668
11189,39,0,36,3,5390,4519,200,671
11190,19,4,24,-9,5409,4543,204,662
11191,21,0,24,-3,5430,4567,204,659
11192,24,1,19,4,5454,4586,205,663
11193,22,1,51,-30,5476,4637,206,633
11194,8,2,23,-17,5484,4660,208,616
11195,44,0,19,25,5528,4679,208,641
11196,1,2,37,-38,5529,4716,210,603
11197,52,2,25,25,5581,4741,212,628
11198,58,1,10,47,5639,4751,213,675
11199,44,1,40,3,5683,4791,214,678
11200,30,2,19,9,5713,4810,216,687
11201,78,0,2,76,5791,4812,216,763
11202,37,0,55,-18,5828,4867,216,745
11203,19,6,16,-3,5847,4883,222,742
11204,65,3,15,47,5912,4898,225,789
11205,49,0,24,25,5961,4922,225,814
11206,100,2,37,61,6061,4959,227,875
11207,44,0,28,16,6105,4987,227,891
11208,6,0,9,-3,6111,4996,227,888
11209,119,3,10,106,6230,5006,230,994
11210,145,0,54,91,6375,5060,230,1085
11211,20,0,15,5,6395,5075,230,1090
11212,23,2,19,2,6418,5094,232,1092
11213,25,1,35,-11,6443,5129,233,1081
11214,28,3,33,-8,6471,5162,236,1073
11215,79,0,28,51,6550,5190,236,1124
11216,44,2,20,22,6594,5210,238,1146
11217,152,0,38,114,6746,5248,238,1260
11218,47,0,21,26,6793,5269,238,1286
11219,18,3,23,-8,6811,5292,241,1278
11220,115,3,69,43,6926,5361,244,1321
11221,36,0,52,-16,6962,5413,244,1305
11222,104,0,44,60,7066,5457,244,1365
11223,88,2,27,59,7154,5484,246,1424
11224,61,5,56,0,7215,5540,251,1424
11225,29,1,40,-12,7244,5580,252,1412
11226,105,0,55,50,7349,5635,252,1462
11227,78,2,18,58,7427,5653,254,1520
11228,47,2,73,-28,7474,5726,256,1492
11229,57,2,72,-17,7531,5798,258,1475
11230,135,1,32,102,7666,5830,259,1577
11231,134,5,20,109,7800,5850,264,1686
11232,78,1,26,51,7878,5876,265,1737
11233,93,3,25,65,7971,5901,268,1802
11234,87,1,35,51,8058,5936,269,1853
11235,58,1,27,30,8116,5963,270,1883
11236,173,1,75,97,8289,6038,271,1980
11237,121,1,21,99,8410,6059,272,2079
11238,206,4,78,124,8616,6137,276,2203
11239,164,2,69,93,8780,6206,278,2296
11240,157,6,47,104,8937,6253,284,2400
11241,99,5,96,-2,9036,6349,289,2398
11242,31,0,71,-40,9067,6420,289,2358
11243,67,2,102,-37,9134,6522,291,2321
11244,103,2,33,68,9237,6555,293,2389
11245,65,1,32,32,9302,6587,294,2421
11246,43,1,0,42,9345,6587,295,2463
11247,69,3,99,-33,9414,6686,298,2430
11248,79,3,118,-42,9493,6804,301,2388
11249,56,4,73,-21,9549,6877,305,2367
11250,34,4,126,-96,9583,7003,309,2271
11251,87,1,72,14,9670,7075,310,2285
11252,53,0,71,-18,9723,7146,310,2267
11253,60,12,71,-23,9783,7217,322,2244
11254,81,0,19,62,9864,7236,322,2306
11255,58,0,33,25,9922,7269,322,2331
11256,35,0,10,25,9957,7279,322,2356
11257,42,1,74,-33,9999,7353,323,2323
11258,81,4,41,36,10080,7394,327,2359
11259,77,4,95,-22,10157,7489,331,2337
11260,143,1,9,133,10300,7498,332,2470
11261,170,2,13,155,10470,7511,334,2625
11262,150,7,162,-19,10620,7673,341,2606
11263,79,2,99,-22,10699,7772,343,2584
11264,94,1,37,56,10793,7809,344,2640
11265,100,3,98,-1,10893,7907,347,2639
11266,128,0,47,81,11021,7954,347,2720
11267,179,3,138,38,11200,8092,350,2758
11268,140,3,24,113,11340,8116,353,2871
11269,145,0,183,-38,11485,8299,353,2833
11270,119,1,62,56,11604,8361,354,2889
11271,235,2,45,188,11839,8406,356,3077
11272,92,2,82,8,11931,8488,358,3085
11273,159,11,46,102,12090,8534,369,3187
11274,150,1,48,101,12240,8582,370,3288
11275,241,2,25,214,12481,8607,372,3502
11276,139,5,178,-44,12620,8785,377,3458
11277,200,8,198,-6,12820,8983,385,3452
11278,146,3,75,68,12966,9058,388,3520
11279,146,28,30,88,13112,9088,416,3608
11280,116,4,69,43,13228,9157,420,3651
11281,130,3,167,-40,13358,9324,423,3611
11282,95,6,101,-12,13453,9425,429,3599
11283,74,2,52,20,13527,9477,431,3619
11284,103,9,44,50,13630,9521,440,3669
11285,72,2,254,-184,13702,9775,442,3485
11286,63,6,69,-12,13765,9844,448,3473
11287,17,2,48,-33,13782,9892,450,3440
11288,106,1,162,-57,13888,10054,451,3383
11289,92,8,94,-10,13980,10148,459,3373
11290,31,16,203,-188,14011,10351,475,3185
11291,96,2,148,-54,14107,10499,477,3131
11292,34,4,110,-80,14141,10609,481,3051
11293,161,2,46,113,14302,10655,483,3164
11294,73,1,45,27,14375,10700,484,3191
11295,84,1,58,25,14459,10758,485,3216
11296,56,2,79,-25,14515,10837,487,3191
11297,97,0,166,-69,14612,11003,487,3122
11298,17,0,43,-26,14629,11046,487,3096
11299,4,0,16,-12,14633,11062,487,3084
11300,27,0,128,-101,14660,11190,487,2983
11301,56,0,73,-17,14716,11263,487,2966
11302,56,0,153,-97,14772,11416,487,2869
11303,42,0,15,27,14814,11431,487,2896
11304,23,2,94,-73,14837,11525,489,2823
11305,11,0,35,-24,14848,11560,489,2799
11306,15,0,127,-112,14863,11687,489,2687
11307,18,1,26,-9,14881,11713,490,2678
11308,66,2,121,-57,14947,11834,492,2621
11309,42,0,26,16,14989,11860,492,2637
11310,13,0,18,-5,15002,11878,492,2632
11311,19,3,65,-49,15021,11943,495,2583
11312,5,0,18,-13,15026,11961,495,2570
11313,21,0,19,2,15047,11980,495,2572
11314,18,0,11,7,15065,11991,495,2579
11315,11,1,16,-6,15076,12007,496,2573
11316,27,2,8,17,15103,12015,498,2590
11317,32,0,1,31,15135,12016,498,2621
11318,1,0,47,-46,15136,12063,498,2575
11319,10,0,43,-33,15146,12106,498,2542
11320,23,0,5,18,15169,12111,498,2560
11321,3,0,17,-14,15172,12128,498,2546
11322,2,0,19,-17,15174,12147,498,2529
11323,24,0,14,10,15198,12161,498,2539
11324,14,0,14,0,15212,12175,498,2539
11325,4,0,45,-41,15216,12220,498,2498
11326,0,0,9,-9,15216,12229,498,2489
11327,9,1,12,-4,15225,12241,499,2485
11328,10,0,35,-25,15235,12276,499,2460
11329,14,0,6,8,15249,12282,499,2468
11330,12,0,8,4,15261,12290,499,2472
11331,4,0,6,-2,15265,12296,499,2470
11332,16,0,61,-45,15281,12357,499,2425
11333,0,0,3,-3,15281,12360,499,2422
11334,0,0,13,-13,15281,12373,499,2409
11335,29,0,10,19,15310,12383,499,2428
11336,17,0,6,11,15327,12389,499,2439
11337,19,0,6,13,15346,12395,499,2452
11338,5,0,4,1,15351,12399,499,2453
11339,2,0,10,-8,15353,12409,499,2445
11340,8,0,33,-25,15361,12442,499,2420
11341,4,0,12,-8,15365,12454,499,2412
11342,5,0,11,-6,15370,12465,499,2406
11343,5,1,4,0,15375,12469,500,2406
11344,11,1,4,6,15386,12473,501,2412
11345,0,0,5,-5,15386,12478,501,2407
11346,1,0,5,-4,15387,12483,501,2403
11347,11,0,1,10,15398,12484,501,2413
11348,6,0,29,-23,15404,12513,501,2390
11349,11,1,2,8,15415,12515,502,2398
11350,0,0,0,0,15415,12515,502,2398
11351,1,0,6,-5,15416,12521,502,2393
11352,14,0,143,-129,15430,12664,502,2264
11353,0,0,3,-3,15430,12667,502,2261
11354,15,0,5,10,15445,12672,502,2271
11355,3,0,3,0,15448,12675,502,2271
11356,25,0,18,7,15473,12693,502,2278
11357,6,0,1,5,15479,12694,502,2283
11358,3,0,1,2,15482,12695,502,2285
11359,2,0,11,-9,15484,12706,502,2276
11360,6,0,56,-50,15490,12762,502,2226
11361,2,0,0,2,15492,12762,502,2228
11362,1,0,11,-10,15493,12773,502,2218
11363,22,0,1,21,15515,12774,502,2239
11364,65,1,7,57,15580,12781,503,2296
11365,6,0,1,5,15586,12782,503,2301
11366,45,0,11,34,15631,12793,503,2335
11367,3,1,149,-147,15634,12942,504,2188
11368,4,0,1,3,15638,12943,504,2191
11369,4,0,0,4,15642,12943,504,2195
11370,5,0,10,-5,15647,12953,504,2190
11371,3,0,113,-110,15650,13066,504,2080
11372,6,0,16,-10,15656,13082,504,2070
11373,1,3,143,-145,15657,13225,507,1925
11374,0,1,9,-10,15657,13234,508,1915
11375,6,0,66,-60,15663,13300,508,1855
11376,2,0,7,-5,15665,13307,508,1850
11377,0,0,120,-120,15665,13427,508,1730
11378,7,0,31,-24,15672,13458,508,1706
11379,9,1,34,-26,15681,13492,509,1680
11380,0,1,54,-55,15681,13546,510,1625
11381,1,0,6,-5,15682,13552,510,1620
11382,6,0,1,5,15688,13553,510,1625
11383,9,11,50,-52,15697,13603,521,1573
11384,26,1,1,24,15723,13604,522,1597
11385,0,1,328,-329,15723,13932,523,1268
11386,0,10,390,-400,15723,14322,533,868
11387,0,4,173,-177,15723,14495,537,691
11388,1,0,258,-257,15724,14753,537,434
11389,0,0,1,-1,15724,14754,537,433
11390,3,0,13,-10,15727,14767,537,423
11391,7,2,10,-5,15734,14777,539,418
11392,2,0,27,-25,15736,14804,539,393
11393,11,1,0,10,15747,14804,540,403
11394,8,0,28,-20,15755,14832,540,383
11395,0,0,29,-29,15755,14861,540,354
11396,1,0,17,-16,15756,14878,540,338
11397,4,0,6,-2,15760,14884,540,336
11398,4,7,19,-22,15764,14903,547,314
11399,0,0,3,-3,15764,14906,547,311
11400,1,0,1,0,15765,14907,547,311
11401,4,0,13,-9,15769,14920,547,302
11402,3,0,10,-7,15772,14930,547,295
11403,4,0,4,0,15776,14934,547,295
11404,7,0,3,4,15783,14937,547,299
11405,5,0,29,-24,15788,14966,547,275
11406,8,0,2,6,15796,14968,547,281
11407,7,0,0,7,15803,14968,547,288
11408,13,0,12,1,15816,14980,547,289
11409,1,1,0,0,15817,14980,548,289
11410,7,0,7,0,15824,14987,548,289
11411,10,0,11,-1,15834,14998,548,288
11412,10,0,9,1,15844,15007,548,289
11413,14,0,26,-12,15858,15033,548,277
11414,0,0,2,-2,15858,15035,548,275
11415,2,0,3,-1,15860,15038,548,274
11416,22,0,2,20,15882,15040,548,294
11417,19,0,6,13,15901,15046,548,307
11418,0,0,6,-6,15901,15052,548,301
11419,17,0,0,17,15918,15052,548,318
11420,16,1,51,-36,15934,15103,549,282
11421,19,0,45,-26,15953,15148,549,256
11422,0,1,8,-9,15953,15156,550,247
11423,16,0,24,-8,15969,15180,550,239
11424,39,1,20,18,16008,15200,551,257
11425,47,0,7,40,16055,15207,551,297
11426,20,0,29,-9,16075,15236,551,288
11427,36,1,9,26,16111,15245,552,314
11428,23,1,34,-12,16134,15279,553,302
11429,9,0,5,4,16143,15284,553,306
11430,34,1,11,22,16177,15295,554,328
11431,38,2,5,31,16215,15300,556,359
11432,47,1,26,20,16262,15326,557,379
11433,42,0,7,35,16304,15333,557,414
11434,88,0,24,64,16392,15357,557,478
11435,143,1,13,129,16535,15370,558,607
11436,94,0,47,47,16629,15417,558,654
11437,2,0,22,-20,16631,15439,558,634
11438,164,2,8,154,16795,15447,560,788
11439,129,2,13,114,16924,15460,562,902
11440,225,1,56,168,17149,15516,563,1070
11441,278,9,9,260,17427,15525,572,1330
11442,223,4,37,182,17650,15562,576,1512
11443,136,2,23,111,17786,15585,578,1623
11444,119,3,36,80,17905,15621,581,1703
11445,274,2,17,255,18179,15638,583,1958
11446,255,2,124,129,18434,15762,585,2087
11447,378,3,19,356,18812,15781,588,2443
11448,345,8,67,270,19157,15848,596,2713
11449,261,5,20,236,19418,15868,601,2949
11450,306,6,88,212,19724,15956,607,3161
11451,70,2,193,-125,19794,16149,609,3036
11452,307,5,106,196,20101,16255,614,3232
11453,261,3,97,161,20362,16352,617,3393
11454,369,3,83,283,20731,16435,620,3676
11455,333,2,86,245,21064,16521,622,3921
11456,246,6,211,29,21310,16732,628,3950
11457,507,7,227,273,21817,16959,635,4223
11458,190,10,217,-37,22007,17176,645,4186
11459,479,10,242,227,22486,17418,655,4413
11460,339,11,255,73,22825,17673,666,4486
11461,562,5,189,368,23387,17862,671,4854
11462,452,13,281,158,23839,18143,684,5012
11463,708,20,192,496,24547,18335,704,5508
11464,293,20,332,-59,24840,18667,724,5449
11465,126,8,311,-193,24966,18978,732,5256
11466,364,13,242,109,25330,19220,745,5365
11467,196,4,162,30,25526,19382,749,5395
11468,473,6,354,113,25999,19736,755,5508
11469,621,9,193,419,26620,19929,764,5927
11470,524,5,411,108,27144,20340,769,6035
11471,510,17,392,101,27654,20732,786,6136
11472,130,8,465,-343,27784,21197,794,5793
11473,173,5,266,-98,27957,21463,799,5695
11474,281,9,271,1,28238,21734,808,5696
11475,507,15,239,253,28745,21973,823,5949
11476,295,5,289,1,29040,22262,828,5950
11477,346,16,107,223,29386,22369,844,6173
11478,233,7,395,-169,29619,22764,851,6004
11479,185,14,350,-179,29804,23114,865,5825
11480,172,0,241,-69,29976,23355,865,5756
11481,250,7,383,-140,30226,23738,872,5616
11482,1,0,0,1,1,0,0,1
11483,0,0,0,0,1,0,0,1
11484,1,0,0,1,2,0,0,2
11485,0,0,0,0,2,0,0,2
11486,0,0,0,0,2,0,0,2
11487,0,0,0,0,2,0,0,2
11488,0,0,0,0,2,0,0,2
11489,0,1,0,-1,2,0,1,1
11490,2,1,0,1,4,0,2,2
11491,0,0,0,0,4,0,2,2
11492,1,0,0,1,5,0,2,3
11493,0,0,0,0,5,0,2,3
11494,0,0,2,-2,5,2,2,1
11495,0,0,0,0,5,2,2,1
11496,0,0,0,0,5,2,2,1
11497,9,0,0,9,14,2,2,10
11498,5,0,0,5,19,2,2,15
11499,0,0,0,0,19,2,2,15
11500,0,1,0,-1,19,2,3,14
11501,0,0,0,0,19,2,3,14
11502,3,0,0,3,22,2,3,17
11503,0,0,0,0,22,2,3,17
11504,2,0,0,2,24,2,3,19
11505,0,0,0,0,24,2,3,19
11506,3,0,0,3,27,2,3,22
11507,0,0,0,0,27,2,3,22
11508,0,0,1,-1,27,3,3,21
11509,2,0,0,2,29,3,3,23
11510,0,0,0,0,29,3,3,23
11511,3,0,0,3,32,3,3,26
11512,4,0,0,4,36,3,3,30
11513,0,0,1,-1,36,4,3,29
11514,0,0,0,0,36,4,3,29
11515,6,0,4,2,42,8,3,31
11516,5,0,0,5,47,8,3,36
11517,0,0,0,0,47,8,3,36
11518,0,0,3,-3,47,11,3,33
11519,12,0,0,12,59,11,3,45
11520,0,0,0,0,59,11,3,45
11521,0,0,0,0,59,11,3,45
11522,11,0,1,10,70,12,3,55
11523,0,0,0,0,70,12,3,55
11524,5,0,0,5,75,12,3,60
11525,0,0,0,0,75,12,3,60
11526,0,0,0,0,75,12,3,60
11527,8,0,0,8,83,12,3,68
11528,0,0,1,-1,83,13,3,67
11529,12,0,0,12,95,13,3,79
11530,7,1,7,-1,102,20,4,78
11531,9,0,1,8,111,21,4,86
11532,1,0,0,1,112,21,4,87
11533,1,0,1,0,113,22,4,87
11534,2,0,2,0,115,24,4,87
11535,0,0,2,-2,115,26,4,85
11536,0,0,0,0,115,26,4,85
11537,0,0,0,0,115,26,4,85
11538,2,0,11,-9,117,37,4,76
11539,1,0,0,1,118,37,4,77
11540,2,0,0,2,120,37,4,79
11541,0,0,9,-9,120,46,4,70
11542,0,0,0,0,120,46,4,70
11543,0,0,2,-2,120,48,4,68
11544,0,0,2,-2,120,50,4,66
11545,6,0,2,4,126,52,4,70
11546,0,0,0,0,126,52,4,70
11547,0,0,0,0,126,52,4,70
11548,2,0,9,-7,128,61,4,63
11549,0,0,0,0,128,61,4,63
11550,0,0,0,0,128,61,4,63
11551,1,0,3,-2,129,64,4,61
11552,0,0,6,-6,129,70,4,55
11553,7,0,8,-1,136,78,4,54
11554,3,0,9,-6,139,87,4,48
11555,20,0,7,13,159,94,4,61
11556,0,0,0,0,159,94,4,61
11557,0,0,0,0,159,94,4,61
11558,0,0,1,-1,159,95,4,60
11559,0,0,1,-1,159,96,4,59
11560,0,0,0,0,159,96,4,59
11561,9,0,1,8,168,97,4,67
11562,2,0,18,-16,170,115,4,51
11563,1,0,6,-5,171,121,4,46
11564,1,0,4,-3,172,125,4,43
11565,0,0,4,-4,172,129,4,39
11566,0,0,1,-1,172,130,4,38
11567,1,0,0,1,173,130,4,39
11568,0,0,1,-1,173,131,4,38
11569,0,0,1,-1,173,132,4,37
11570,3,0,0,3,176,132,4,40
11571,3,0,8,-5,179,140,4,35
11572,1,1,1,-1,180,141,5,34
11573,1,0,4,-3,181,145,5,31
11574,2,0,2,0,183,147,5,31
11575,1,0,5,-4,184,152,5,27
11576,2,0,1,1,186,153,5,28
11577,0,0,0,0,186,153,5,28
11578,0,0,0,0,186,153,5,28
11579,0,0,4,-4,186,157,5,24
11580,0,1,1,-2,186,158,6,22
11581,0,0,1,-1,186,159,6,21
11582,5,0,2,3,191,161,6,24
11583,0,0,2,-2,191,163,6,22
11584,0,0,0,0,191,163,6,22
11585,0,0,1,-1,191,164,6,21
11586,2,0,0,2,193,164,6,23
11587,0,0,0,0,193,164,6,23
11588,0,0,0,0,193,164,6,23
11589,0,0,1,-1,193,165,6,22
11590,0,0,1,-1,193,166,6,21
11591,0,0,0,0,193,166,6,21
11592,1,0,2,-1,194,168,6,20
11593,1,0,7,-6,195,175,6,14
11594,0,0,0,0,195,175,6,14
11595,0,0,0,0,195,175,6,14
11596,0,0,0,0,195,175,6,14
11597,1,0,1,0,196,176,6,14
11598,0,0,0,0,196,176,6,14
11599,0,0,2,-2,196,178,6,12
11600,0,0,3,-3,196,181,6,9
11601,4,1,3,0,200,184,7,9
11602,1,0,0,1,201,184,7,10
11603,0,0,1,-1,201,185,7,9
11604,1,0,0,1,202,185,7,10
11605,0,0,0,0,202,185,7,10
11606,4,0,3,1,206,188,7,11
11607,1,0,0,1,207,188,7,12
11608,0,0,0,0,207,188,7,12
11609,0,0,0,0,207,188,7,12
11610,0,0,1,-1,207,189,7,11
11611,6,0,0,6,213,189,7,17
11612,0,0,0,0,213,189,7,17
11613,0,0,2,-2,213,191,7,15
11614,2,0,1,1,215,192,7,16
11615,0,0,2,-2,215,194,7,14
11616,1,0,1,0,216,195,7,14
11617,0,0,0,0,216,195,7,14
11618,0,0,0,0,216,195,7,14
11619,0,0,0,0,216,195,7,14
11620,0,0,0,0,216,195,7,14
11621,4,0,1,3,220,196,7,17
11622,0,0,1,-1,220,197,7,16
11623,3,0,0,3,223,197,7,19
11624,0,0,0,0,223,197,7,19
11625,0,0,0,0,223,197,7,19
11626,4,0,0,4,227,197,7,23
11627,1,0,0,1,228,197,7,24
11628,5,0,0,5,233,197,7,29
11629,0,0,0,0,233,197,7,29
11630,2,0,2,0,235,199,7,29
11631,1,0,7,-6,236,206,7,23
11632,2,1,0,1,238,206,8,24
11633,1,0,1,0,239,207,8,24
11634,0,0,3,-3,239,210,8,21
11635,0,0,2,-2,239,212,8,19
11636,0,0,1,-1,239,213,8,18
11637,1,0,5,-4,240,218,8,14
11638,1,0,0,1,241,218,8,15
11639,0,0,1,-1,241,219,8,14
11640,2,0,1,1,243,220,8,15
11641,1,0,0,1,244,220,8,16
11642,1,1,0,0,245,220,9,16
11643,4,2,1,1,249,221,11,17
11644,0,0,1,-1,249,222,11,16
11645,3,0,2,1,252,224,11,17
11646,0,0,0,0,252,224,11,17
11647,0,0,2,-2,252,226,11,15
11648,5,0,0,5,257,226,11,20
11649,4,0,2,2,261,228,11,22
11650,0,0,1,-1,261,229,11,21
11651,7,0,0,7,268,229,11,28
11652,1,0,0,1,269,229,11,29
11653,2,0,2,0,271,231,11,29
11654,0,0,0,0,271,231,11,29
11655,1,0,1,0,272,232,11,29
11656,4,0,0,4,276,232,11,33
11657,2,0,0,2,278,232,11,35
11658,11,0,1,10,289,233,11,45
11659,8,1,0,7,297,233,12,52
11660,23,0,0,23,320,233,12,75
11661,1,0,1,0,321,234,12,75
11662,9,1,4,4,330,238,13,79
11663,14,1,2,11,344,240,14,90
11664,4,1,3,0,348,243,15,90
11665,6,0,0,6,354,243,15,96
11666,21,0,4,17,375,247,15,113
11667,0,0,0,0,375,247,15,113
11668,18,0,3,15,393,250,15,128
11669,9,0,6,3,402,256,15,131
11670,8,0,11,-3,410,267,15,128
11671,30,1,20,9,440,287,16,137
11672,10,1,4,5,450,291,17,142
11673,11,0,16,-5,461,307,17,137
11674,5,0,3,2,466,310,17,139
11675,1,1,2,-2,467,312,18,137
11676,24,1,12,11,491,324,19,148
11677,23,1,4,18,514,328,20,166
11678,14,1,7,6,528,335,21,172
11679,11,0,20,-9,539,355,21,163
11680,13,0,14,-1,552,369,21,162
11681,16,0,6,10,568,375,21,172
11682,1,3,4,-6,569,379,24,166
11683,17,1,27,-11,586,406,25,155
11684,10,0,4,6,596,410,25,161
11685,21,0,3,18,617,413,25,179
11686,0,0,0,0,617,413,25,179
11687,51,0,23,28,668,436,25,207
11688,17,1,3,13,685,439,26,220
11689,2,1,10,-9,687,449,27,211
11690,39,1,13,25,726,462,28,236
11691,36,2,17,17,762,479,30,253
11692,13,0,15,-2,775,494,30,251
11693,12,1,18,-7,787,512,31,244
11694,12,2,7,3,799,519,33,247
11695,18,0,39,-21,817,558,33,226
11696,4,0,32,-28,821,590,33,198
11697,17,0,13,4,838,603,33,202
11698,10,1,10,-1,848,613,34,201
11699,7,0,11,-4,855,624,34,197
11700,0,0,4,-4,855,628,34,193
11701,2,0,18,-16,857,646,34,177
11702,19,0,5,14,876,651,34,191
11703,2,2,20,-20,878,671,36,171
11704,11,2,7,2,889,678,38,173
11705,17,0,7,10,906,685,38,183
11706,32,1,13,18,938,698,39,201
11707,25,2,11,12,963,709,41,213
11708,25,0,25,0,988,734,41,213
11709,59,0,11,48,1047,745,41,261
11710,0,1,23,-24,1047,768,42,237
11711,30,1,33,-4,1077,801,43,233
11712,37,1,10,26,1114,811,44,259
11713,12,0,23,-11,1126,834,44,248
11714,22,3,3,16,1148,837,47,264
11715,8,1,21,-14,1156,858,48,250
11716,2,0,1,1,1158,859,48,251
11717,74,2,13,59,1232,872,50,310
11718,33,1,15,17,1265,887,51,327
11719,73,1,6,66,1338,893,52,393
11720,52,2,15,35,1390,908,54,428
11721,4,0,23,-19,1394,931,54,409
11722,59,4,4,51,1453,935,58,460
11723,61,1,20,40,1514,955,59,500
11724,37,3,3,31,1551,958,62,531
11725,81,0,11,70,1632,969,62,601
11726,55,4,12,39,1687,981,66,640
11727,13,2,35,-24,1700,1016,68,616
11728,39,2,35,2,1739,1051,70,618
11729,30,1,11,18,1769,1062,71,636
11730,31,1,9,21,1800,1071,72,657
11731,60,0,17,43,1860,1088,72,700
11732,12,0,38,-26,1872,1126,72,674
11733,31,1,55,-25,1903,1181,73,649
11734,72,4,24,44,1975,1205,77,693
11735,55,0,46,9,2030,1251,77,702
11736,57,0,20,37,2087,1271,77,739
11737,54,1,62,-9,2141,1333,78,730
11738,56,0,15,41,2197,1348,78,771
11739,41,1,34,6,2238,1382,79,777
11740,61,1,15,45,2299,1397,80,822
11741,9,2,11,-4,2308,1408,82,818
11742,65,3,45,17,2373,1453,85,835
11743,44,1,23,20,2417,1476,86,855
11744,11,0,20,-9,2428,1496,86,846
11745,46,0,35,11,2474,1531,86,857
11746,39,2,24,13,2513,1555,88,870
11747,57,1,19,37,2570,1574,89,907
11748,39,2,11,26,2609,1585,91,933
11749,53,2,23,28,2662,1608,93,961
11750,38,0,3,35,2700,1611,93,996
11751,73,2,30,41,2773,1641,95,1037
11752,26,1,2,23,2799,1643,96,1060
11753,33,1,5,27,2832,1648,97,1087
11754,54,1,38,15,2886,1686,98,1102
11755,45,3,17,25,2931,1703,101,1127
11756,39,1,19,19,2970,1722,102,1146
11757,42,1,14,27,3012,1736,103,1173
11758,54,1,10,43,3066,1746,104,1216
11759,41,2,16,23,3107,1762,106,1239
11760,81,0,45,36,3188,1807,106,1275
11761,169,0,13,156,3357,1820,106,1431
11762,195,0,45,150,3552,1865,106,1581
11763,65,2,104,-41,3617,1969,108,1540
11764,66,1,31,34,3683,2000,109,1574
11765,67,3,33,31,3750,2033,112,1605
11766,52,3,77,-28,3802,2110,115,1577
11767,94,3,52,39,3896,2162,118,1616
11768,162,0,150,12,4058,2312,118,1628
11769,157,1,20,136,4215,2332,119,1764
11770,158,1,70,87,4373,2402,120,1851
11771,131,4,73,54,4504,2475,124,1905
11772,145,0,40,105,4649,2515,124,2010
11773,116,6,95,15,4765,2610,130,2025
11774,252,9,101,142,5017,2711,139,2167
11775,113,0,90,23,5130,2801,139,2190
11776,107,4,107,-4,5237,2908,143,2186
11777,248,1,121,126,5485,3029,144,2312
11778,87,0,107,-20,5572,3136,144,2292
11779,63,4,112,-53,5635,3248,148,2239
11780,30,3,144,-117,5665,3392,151,2122
11781,134,1,183,-50,5799,3575,152,2072
11782,132,2,128,2,5931,3703,154,2074
11783,80,2,50,28,6011,3753,156,2102
11784,200,8,204,-12,6211,3957,164,2090
11785,200,2,112,86,6411,4069,166,2176
11786,203,2,104,97,6614,4173,168,2273
11787,108,0,155,-47,6722,4328,168,2226
11788,156,3,106,47,6878,4434,171,2273
11789,165,2,49,114,7043,4483,173,2387
11790,233,3,144,86,7276,4627,176,2473
11791,116,1,175,-60,7392,4802,177,2413
11792,271,6,132,133,7663,4934,183,2546
11793,130,1,121,8,7793,5055,184,2554
11794,64,10,136,-82,7857,5191,194,2472
11795,275,5,110,160,8132,5301,199,2632
11796,155,2,163,-10,8287,5464,201,2622
11797,207,5,202,0,8494,5666,206,2622
11798,173,1,52,120,8667,5718,207,2742
11799,184,2,24,158,8851,5742,209,2900
11800,37,1,118,-82,8888,5860,210,2818
11801,32,1,172,-141,8920,6032,211,2677
11802,76,0,57,19,8996,6089,211,2696
11803,63,4,232,-173,9059,6321,215,2523
11804,38,6,83,-51,9097,6404,221,2472
11805,35,1,37,-3,9132,6441,222,2469
11806,77,5,142,-70,9209,6583,227,2399
11807,57,3,107,-53,9266,6690,230,2346
11808,49,2,47,0,9315,6737,232,2346
11809,31,0,16,15,9346,6753,232,2361
11810,44,0,38,6,9390,6791,232,2367
11811,93,5,132,-44,9483,6923,237,2323
11812,46,5,159,-118,9529,7082,242,2205
11813,45,0,432,-387,9574,7514,242,1818
11814,23,3,71,-51,9597,7585,245,1767
11815,62,1,145,-84,9659,7730,246,1683
11816,90,2,171,-83,9749,7901,248,1600
11817,65,1,42,22,9814,7943,249,1622
11818,67,1,181,-115,9881,8124,250,1507
11819,85,4,31,50,9966,8155,254,1557
11820,47,3,63,-19,10013,8218,257,1538
11821,12,2,5,5,10025,8223,259,1543
11822,74,0,34,40,10099,8257,259,1583
11823,34,1,75,-42,10133,8332,260,1541
11824,66,1,88,-23,10199,8420,261,1518
11825,77,1,53,23,10276,8473,262,1541
11826,13,1,10,2,10289,8483,263,1543
11827,34,0,4,30,10323,8487,263,1573
11828,38,1,16,21,10361,8503,264,1594
11829,26,0,136,-110,10387,8639,264,1484
11830,55,0,122,-67,10442,8761,264,1417
11831,39,2,65,-28,10481,8826,266,1389
11832,33,0,62,-29,10514,8888,266,1360
11833,47,1,31,15,10561,8919,267,1375
11834,12,0,26,-14,10573,8945,267,1361
11835,40,0,29,11,10613,8974,267,1372
11836,30,2,54,-26,10643,9028,269,1346
11837,24,2,43,-21,10667,9071,271,1325
11838,25,1,25,-1,10692,9096,272,1324
11839,24,1,52,-29,10716,9148,273,1295
11840,55,1,58,-4,10771,9206,274,1291
11841,42,2,86,-46,10813,9292,276,1245
11842,21,3,88,-70,10834,9380,279,1175
11843,84,2,138,-56,10918,9518,281,1119
11844,70,4,74,-8,10988,9592,285,1111
11845,33,6,216,-189,11021,9808,291,922
11846,24,1,39,-16,11045,9847,292,906
11847,34,2,35,-3,11079,9882,294,903
11848,13,0,20,-7,11092,9902,294,896
11849,18,0,58,-40,11110,9960,294,856
11850,26,0,64,-38,11136,10024,294,818
11851,45,0,10,35,11181,10034,294,853
11852,40,0,78,-38,11221,10112,294,815
11853,32,3,63,-34,11253,10175,297,781
11854,18,0,32,-14,11271,10207,297,767
11855,14,2,21,-9,11285,10228,299,758
11856,18,0,13,5,11303,10241,299,763
11857,48,1,29,18,11351,10270,300,781
11858,16,1,47,-32,11367,10317,301,749
11859,57,2,27,28,11424,10344,303,777
11860,23,2,59,-38,11447,10403,305,739
11861,55,1,32,22,11502,10435,306,761
11862,20,1,23,-4,11522,10458,307,757
11863,8,1,39,-32,11530,10497,308,725
11864,49,0,93,-44,11579,10590,308,681
11865,55,1,63,-9,11634,10653,309,672
11866,61,0,76,-15,11695,10729,309,657
11867,27,1,75,-49,11722,10804,310,608
11868,26,4,27,-5,11748,10831,314,603
11869,70,1,0,69,11818,10831,315,672
11870,7,2,8,-3,11825,10839,317,669
11871,81,0,56,25,11906,10895,317,694
11872,15,1,69,-55,11921,10964,318,639
11873,26,3,63,-40,11947,11027,321,599
11874,7,2,28,-23,11954,11055,323,576
11875,38,0,8,30,11992,11063,323,606
11876,46,0,5,41,12038,11068,323,647
11877,9,1,7,1,12047,11075,324,648
11878,39,1,11,27,12086,11086,325,675
11879,39,0,23,16,12125,11109,325,691
11880,48,2,29,17,12173,11138,327,708
11881,51,1,18,32,12224,11156,328,740
11882,58,4,33,21,12282,11189,332,761
11883,20,2,25,-7,12302,11214,334,754
11884,14,1,11,2,12316,11225,335,756
11885,56,2,94,-40,12372,11319,337,716
11886,22,1,97,-76,12394,11416,338,640
11887,29,3,129,-103,12423,11545,341,537
11888,47,0,50,-3,12470,11595,341,534
11889,36,0,33,3,12506,11628,341,537
11890,11,1,16,-6,12517,11644,342,531
11891,5,0,10,-5,12522,11654,342,526
11892,18,3,65,-50,12540,11719,345,476
11893,57,1,22,34,12597,11741,346,510
11894,66,1,11,54,12663,11752,347,564
11895,2,0,6,-4,12665,11758,347,560
11896,16,0,20,-4,12681,11778,347,556
11897,4,1,20,-17,12685,11798,348,539
11898,0,1,9,-10,12685,11807,349,529
11899,14,2,79,-67,12699,11886,351,462
11900,17,2,48,-33,12716,11934,353,429
11901,8,0,16,-8,12724,11950,353,421
11902,8,3,71,-66,12732,12021,356,355
11903,7,0,23,-16,12739,12044,356,339
11904,15,1,0,14,12754,12044,357,353
11905,12,0,14,-2,12766,12058,357,351
11906,21,1,15,5,12787,12073,358,356
11907,15,0,126,-111,12802,12199,358,245
11908,17,2,10,5,12819,12209,360,250
11909,7,0,33,-26,12826,12242,360,224
11910,18,1,9,8,12844,12251,361,232
11911,35,4,4,27,12879,12255,365,259
11912,14,0,2,12,12893,12257,365,271
11913,3,0,12,-9,12896,12269,365,262
11914,6,0,10,-4,12902,12279,365,258
11915,30,4,46,-20,12932,12325,369,238
11916,6,2,15,-11,12938,12340,371,227
11917,21,0,2,19,12959,12342,371,246
11918,6,0,8,-2,12965,12350,371,244
11919,6,2,15,-11,12971,12365,373,233
11920,8,1,4,3,12979,12369,374,236
11921,53,2,63,-12,13032,12432,376,224
11922,7,2,13,-8,13039,12445,378,216
11923,14,0,8,6,13053,12453,378,222
11924,10,0,21,-11,13063,12474,378,211
11925,8,2,4,2,13071,12478,380,213
11926,9,1,3,5,13080,12481,381,218
11927,7,0,17,-10,13087,12498,381,208
11928,11,1,2,8,13098,12500,382,216
11929,16,0,9,7,13114,12509,382,223
11930,23,0,1,22,13137,12510,382,245
11931,22,1,7,14,13159,12517,383,259
11932,39,1,43,-5,13198,12560,384,254
11933,20,0,0,20,13218,12560,384,274
11934,19,3,43,-27,13237,12603,387,247
11935,23,0,16,7,13260,12619,387,254
11936,33,1,11,21,13293,12630,388,275
11937,39,1,4,34,13332,12634,389,309
11938,56,4,17,35,13388,12651,393,344
11939,29,1,0,28,13417,12651,394,372
11940,35,1,2,32,13452,12653,395,404
11941,50,3,55,-8,13502,12708,398,396
11942,75,1,26,48,13577,12734,399,444
11943,68,4,15,49,13645,12749,403,493
11944,78,1,14,63,13723,12763,404,556
11945,98,3,20,75,13821,12783,407,631
11946,100,0,15,85,13921,12798,407,716
11947,56,2,18,36,13977,12816,409,752
11948,77,0,28,49,14054,12844,409,801
11949,107,3,12,92,14161,12856,412,893
11950,118,2,15,101,14279,12871,414,994
11951,157,3,35,119,14436,12906,417,1113
11952,233,6,82,145,14669,12988,423,1258
11953,135,2,30,103,14804,13018,425,1361
11954,184,4,63,117,14988,13081,429,1478
11955,83,9,138,-64,15071,13219,438,1414
11956,329,4,73,252,15400,13292,442,1666
11957,264,6,66,192,15664,13358,448,1858
11958,308,7,93,208,15972,13451,455,2066
11959,233,4,93,136,16205,13544,459,2202
11960,337,7,61,269,16542,13605,466,2471
11961,251,7,72,172,16793,13677,473,2643
11962,273,5,49,219,17066,13726,478,2862
11963,215,9,13,193,17281,13739,487,3055
11964,280,4,119,157,17561,13858,491,3212
11965,378,14,227,137,17939,14085,505,3349
11966,497,5,135,357,18436,14220,510,3706
11967,388,10,170,208,18824,14390,520,3914
11968,278,10,99,169,19102,14489,530,4083
11969,415,11,50,354,19517,14539,541,4437
11970,620,23,227,370,20137,14766,564,4807
11971,819,15,348,456,20956,15114,579,5263
11972,804,16,250,538,21760,15364,595,5801
11973,643,25,425,193,22403,15789,620,5994
11974,418,22,322,74,22821,16111,642,6068
11975,633,26,191,416,23454,16302,668,6484
11976,543,17,307,219,23997,16609,685,6703
11977,827,16,308,503,24824,16917,701,7206
11978,665,20,290,355,25489,17207,721,7561
11979,838,27,579,232,26327,17786,748,7793
11980,1566,37,383,1146,27893,18169,785,8939
11981,803,23,474,306,28696,18643,808,9245
11982,843,32,284,527,29539,18927,840,9772
11983,428,25,852,-449,29967,19779,865,9323
11984,966,30,691,245,30933,20470,895,9568
11985,915,32,453,430,31848,20923,927,9998
11986,649,26,807,-184,32497,21730,953,9814
11987,998,30,913,55,33495,22643,983,9869
11988,882,34,732,116,34377,23375,1017,9985
11989,673,31,575,67,35050,23950,1048,10052
11990,526,34,952,-460,35576,24902,1082,9592
11991,891,21,454,416,36467,25356,1103,10008
11992,450,27,625,-202,36917,25981,1130,9806
11993,1,0,0,1,1,0,0,1
11994,0,0,0,0,1,0,0,1
11995,0,0,0,0,1,0,0,1
11996,0,0,0,0,1,0,0,1
11997,0,0,0,0,1,0,0,1
11998,0,0,0,0,1,0,0,1
11999,0,0,0,0,1,0,0,1
12000,0,0,0,0,1,0,0,1
12001,0,0,0,0,1,0,0,1
12002,0,0,0,0,1,0,0,1
12003,0,0,0,0,1,0,0,1
12004,0,0,0,0,1,0,0,1
12005,0,0,0,0,1,0,0,1
12006,0,0,0,0,1,0,0,1
12007,0,0,0,0,1,0,0,1
12008,0,0,0,0,1,0,0,1
12009,0,0,0,0,1,0,0,1
12010,0,0,0,0,1,0,0,1
12011,0,0,0,0,1,0,0,1
12012,0,0,0,0,1,0,0,1
12013,0,0,0,0,1,0,0,1
12014,0,0,0,0,1,0,0,1
12015,0,0,0,0,1,0,0,1
12016,0,0,0,0,1,0,0,1
12017,0,0,0,0,1,0,0,1
12018,0,0,0,0,1,0,0,1
12019,0,0,0,0,1,0,0,1
12020,1,0,0,1,2,0,0,2
12021,1,0,0,1,3,0,0,3
12022,0,0,0,0,3,0,0,3
12023,0,1,0,-1,3,0,1,2
12024,4,0,0,4,7,0,1,6
12025,3,0,0,3,10,0,1,9
12026,0,0,1,-1,10,1,1,8
12027,1,1,0,0,11,1,2,8
12028,1,0,0,1,12,1,2,9
12029,0,0,0,0,12,1,2,9
12030,0,0,0,0,12,1,2,9
12031,1,1,0,0,13,1,3,9
12032,1,0,1,0,14,2,3,9
12033,3,0,1,2,17,3,3,11
12034,0,0,0,0,17,3,3,11
12035,3,0,0,3,20,3,3,14
12036,0,0,0,0,20,3,3,14
12037,0,2,4,-6,20,7,5,8
12038,5,0,3,2,25,10,5,10
12039,1,0,0,1,26,10,5,11
12040,4,0,0,4,30,10,5,15
12041,0,0,0,0,30,10,5,15
12042,4,1,0,3,34,10,6,18
12043,1,0,0,1,35,10,6,19
12044,0,0,0,0,35,10,6,19
12045,1,0,3,-2,36,13,6,17
12046,0,0,1,-1,36,14,6,16
12047,2,0,1,1,38,15,6,17
12048,1,0,0,1,39,15,6,18
12049,0,0,1,-1,39,16,6,17
12050,1,0,0,1,40,16,6,18
12051,1,0,1,0,41,17,6,18
12052,1,0,7,-6,42,24,6,12
12053,1,0,1,0,43,25,6,12
12054,3,0,2,1,46,27,6,13
12055,8,0,0,8,54,27,6,21
12056,5,0,0,5,59,27,6,26
12057,3,0,1,2,62,28,6,28
12058,0,0,0,0,62,28,6,28
12059,5,0,0,5,67,28,6,33
12060,3,0,11,-8,70,39,6,25
12061,3,0,1,2,73,40,6,27
12062,2,0,7,-5,75,47,6,22
12063,1,0,3,-2,76,50,6,20
12064,7,0,0,7,83,50,6,27
12065,8,0,0,8,91,50,6,35
12066,5,0,0,5,96,50,6,40
12067,1,0,5,-4,97,55,6,36
12068,0,0,7,-7,97,62,6,29
12069,4,0,0,4,101,62,6,33
12070,2,0,2,0,103,64,6,33
12071,5,0,0,5,108,64,6,38
12072,1,0,1,0,109,65,6,38
12073,1,0,3,-2,110,68,6,36
12074,1,0,0,1,111,68,6,37
12075,1,0,0,1,112,68,6,38
12076,1,0,1,0,113,69,6,38
12077,0,0,1,-1,113,70,6,37
12078,0,0,9,-9,113,79,6,28
12079,0,0,0,0,113,79,6,28
12080,0,0,3,-3,113,82,6,25
12081,6,0,4,2,119,86,6,27
12082,0,0,1,-1,119,87,6,26
12083,0,0,3,-3,119,90,6,23
12084,0,0,1,-1,119,91,6,22
12085,0,0,3,-3,119,94,6,19
12086,0,0,4,-4,119,98,6,15
12087,0,0,2,-2,119,100,6,13
12088,0,0,2,-2,119,102,6,11
12089,1,0,0,1,120,102,6,12
12090,0,0,0,0,120,102,6,12
12091,0,0,6,-6,120,108,6,6
12092,2,0,0,2,122,108,6,8
12093,0,0,0,0,122,108,6,8
12094,0,0,1,-1,122,109,6,7
12095,0,0,1,-1,122,110,6,6
12096,5,0,0,5,127,110,6,11
12097,0,0,0,0,127,110,6,11
12098,1,1,2,-2,128,112,7,9
12099,0,0,1,-1,128,113,7,8
12100,2,1,1,0,130,114,8,8
12101,6,0,1,5,136,115,8,13
12102,8,0,0,8,144,115,8,21
12103,0,0,2,-2,144,117,8,19
12104,0,0,0,0,144,117,8,19
12105,24,0,1,23,168,118,8,42
12106,27,1,0,26,195,118,9,68
12107,24,0,3,21,219,121,9,89
12108,3,1,1,1,222,122,10,90
12109,3,0,0,3,225,122,10,93
12110,0,0,0,0,225,122,10,93
12111,1,0,17,-16,226,139,10,77
12112,2,0,27,-25,228,166,10,52
12113,0,0,10,-10,228,176,10,42
12114,1,0,2,-1,229,178,10,41
12115,1,0,10,-9,230,188,10,32
12116,4,0,12,-8,234,200,10,24
12117,1,0,5,-4,235,205,10,20
12118,1,0,3,-2,236,208,10,18
12119,1,1,4,-4,237,212,11,14
12120,1,0,2,-1,238,214,11,13
12121,0,0,1,-1,238,215,11,12
12122,2,0,1,1,240,216,11,13
12123,0,0,1,-1,240,217,11,12
12124,1,0,0,1,241,217,11,13
12125,1,0,1,0,242,218,11,13
12126,3,0,3,0,245,221,11,13
12127,3,0,0,3,248,221,11,16
12128,0,0,1,-1,248,222,11,15
12129,5,0,2,3,253,224,11,18
12130,5,0,0,5,258,224,11,23
12131,5,0,0,5,263,224,11,28
12132,11,0,1,10,274,225,11,38
12133,15,0,5,10,289,230,11,48
12134,23,0,2,21,312,232,11,69
12135,38,0,0,38,350,232,11,107
12136,4,0,2,2,354,234,11,109
12137,13,0,1,12,367,235,11,121
12138,5,0,9,-4,372,244,11,117
12139,11,0,13,-2,383,257,11,115
12140,4,0,9,-5,387,266,11,110
12141,25,1,5,19,412,271,12,129
12142,6,0,16,-10,418,287,12,119
12143,10,0,19,-9,428,306,12,110
12144,18,0,4,14,446,310,12,124
12145,3,0,16,-13,449,326,12,111
12146,10,0,1,9,459,327,12,120
12147,50,1,6,43,509,333,13,163
12148,69,0,12,57,578,345,13,220
12149,28,0,4,24,606,349,13,244
12150,15,0,11,4,621,360,13,248
12151,37,0,9,28,658,369,13,276
12152,50,0,4,46,708,373,13,322
12153,26,1,9,16,734,382,14,338
12154,41,0,24,17,775,406,14,355
12155,17,0,21,-4,792,427,14,351
12156,33,0,10,23,825,437,14,374
12157,68,0,46,22,893,483,14,396
12158,27,0,52,-25,920,535,14,371
12159,41,0,45,-4,961,580,14,367
12160,23,1,20,2,984,600,15,369
12161,34,1,17,16,1018,617,16,385
12162,23,0,23,0,1041,640,16,385
12163,11,0,19,-8,1052,659,16,377
12164,47,1,36,10,1099,695,17,387
12165,34,0,26,8,1133,721,17,395
12166,63,1,29,33,1196,750,18,428
12167,42,1,15,26,1238,765,19,454
12168,42,2,52,-12,1280,817,21,442
12169,39,1,12,26,1319,829,22,468
12170,42,0,23,19,1361,852,22,487
12171,99,3,16,80,1460,868,25,567
12172,66,5,43,18,1526,911,30,585
12173,79,0,24,55,1605,935,30,640
12174,134,0,31,103,1739,966,30,743
12175,108,4,44,60,1847,1010,34,803
12176,81,1,19,61,1928,1029,35,864
12177,107,1,10,96,2035,1039,36,960
12178,107,1,27,79,2142,1066,37,1039
12179,130,5,53,72,2272,1119,42,1111
12180,177,0,106,71,2449,1225,42,1182
12181,141,5,29,107,2590,1254,47,1289
12182,136,2,49,85,2726,1303,49,1374
12183,113,3,42,68,2839,1345,52,1442
12184,141,3,82,56,2980,1427,55,1498
12185,198,3,61,134,3178,1488,58,1632
12186,183,0,70,113,3361,1558,58,1745
12187,232,5,32,195,3593,1590,63,1940
12188,207,8,29,170,3800,1619,71,2110
12189,136,4,91,41,3936,1710,75,2151
12190,166,5,76,85,4102,1786,80,2236
12191,188,4,25,159,4290,1811,84,2395
12192,236,8,37,191,4526,1848,92,2586
12193,228,3,204,21,4754,2052,95,2607
12194,297,2,75,220,5051,2127,97,2827
12195,282,3,80,199,5333,2207,100,3026
12196,160,6,35,119,5493,2242,106,3145
12197,249,0,139,110,5742,2381,106,3255
12198,189,11,329,-151,5931,2710,117,3104
12199,235,9,116,110,6166,2826,126,3214
12200,200,5,181,14,6366,3007,131,3228
12201,260,6,192,62,6626,3199,137,3290
12202,190,6,209,-25,6816,3408,143,3265
12203,236,5,111,120,7052,3519,148,3385
12204,222,4,164,54,7274,3683,152,3439
12205,356,7,250,99,7630,3933,159,3538
12206,259,7,271,-19,7889,4204,166,3519
12207,178,6,155,17,8067,4359,172,3536
12208,175,5,457,-287,8242,4816,177,3249
12209,166,6,218,-58,8408,5034,183,3191
12210,297,8,279,10,8705,5313,191,3201
12211,132,7,182,-57,8837,5495,198,3144
12212,150,2,262,-114,8987,5757,200,3030
12213,246,4,98,144,9233,5855,204,3174
12214,203,6,73,124,9436,5928,210,3298
12215,233,9,153,71,9669,6081,219,3369
12216,307,5,108,194,9976,6189,224,3563
12217,206,2,116,88,10182,6305,226,3651
12218,162,4,113,45,10344,6418,230,3696
12219,295,12,117,166,10639,6535,242,3862
12220,183,6,119,58,10822,6654,248,3920
12221,278,2,109,167,11100,6763,250,4087
12222,256,8,123,125,11356,6886,258,4212
12223,285,4,111,170,11641,6997,262,4382
12224,198,5,505,-312,11839,7502,267,4070
12225,169,2,629,-462,12008,8131,269,3608
12226,315,9,307,-1,12323,8438,278,3607
12227,282,6,172,104,12605,8610,284,3711
12228,275,6,254,15,12880,8864,290,3726
12229,379,9,277,93,13259,9141,299,3819
12230,288,3,541,-256,13547,9682,302,3563
12231,206,4,262,-60,13753,9944,306,3503
12232,247,6,296,-55,14000,10240,312,3448
12233,249,6,265,-22,14249,10505,318,3426
12234,261,6,224,31,14510,10729,324,3457
12235,161,6,247,-92,14671,10976,330,3365
12236,127,5,231,-109,14798,11207,335,3256
12237,25,2,164,-141,14823,11371,337,3115
12238,9,2,156,-149,14832,11527,339,2966
12239,99,2,343,-246,14931,11870,341,2720
12240,168,4,249,-85,15099,12119,345,2635
12241,176,2,318,-144,15275,12437,347,2491
12242,143,7,210,-74,15418,12647,354,2417
12243,165,5,355,-195,15583,13002,359,2222
12244,158,4,161,-7,15741,13163,363,2215
12245,14,2,128,-116,15755,13291,365,2099
12246,152,0,11,141,15907,13302,365,2240
12247,146,10,489,-353,16053,13791,375,1887
12248,116,3,86,27,16169,13877,378,1914
12249,146,3,90,53,16315,13967,381,1967
12250,130,1,51,78,16445,14018,382,2045
12251,163,3,205,-45,16608,14223,385,2000
12252,148,8,124,16,16756,14347,393,2016
12253,268,2,41,225,17024,14388,395,2241
12254,274,2,248,24,17298,14636,397,2265
12255,688,3,995,-310,17986,15631,400,1955
12256,176,5,198,-27,18162,15829,405,1928
12257,308,4,122,182,18470,15951,409,2110
12258,171,5,179,-13,18641,16130,414,2097
12259,113,2,133,-22,18754,16263,416,2075
12260,138,3,116,19,18892,16379,419,2094
12261,236,5,180,51,19128,16559,424,2145
12262,206,4,200,2,19334,16759,428,2147
12263,261,8,198,55,19595,16957,436,2202
12264,170,8,256,-94,19765,17213,444,2108
12265,173,6,194,-27,19938,17407,450,2081
12266,136,6,170,-40,20074,17577,456,2041
12267,163,2,283,-122,20237,17860,458,1919
12268,227,5,175,47,20464,18035,463,1966
12269,179,5,160,14,20643,18195,468,1980
12270,155,2,156,-3,20798,18351,470,1977
12271,114,3,206,-95,20912,18557,473,1882
12272,225,3,191,31,21137,18748,476,1913
12273,164,5,186,-27,21301,18934,481,1886
12274,171,6,143,22,21472,19077,487,1908
12275,235,6,186,43,21707,19263,493,1951
12276,139,5,114,20,21846,19377,498,1971
12277,149,3,180,-34,21995,19557,501,1937
12278,178,4,227,-53,22173,19784,505,1884
12279,181,3,153,25,22354,19937,508,1909
12280,78,3,167,-92,22432,20104,511,1817
12281,177,3,124,50,22609,20228,514,1867
12282,153,4,223,-74,22762,20451,518,1793
12283,288,5,197,86,23050,20648,523,1879
12284,184,9,200,-25,23234,20848,532,1854
12285,372,5,183,184,23606,21031,537,2038
12286,121,2,128,-9,23727,21159,539,2029
12287,76,4,99,-27,23803,21258,543,2002
12288,116,1,165,-50,23919,21423,544,1952
12289,96,3,205,-112,24015,21628,547,1840
12290,214,4,112,98,24229,21740,551,1938
12291,79,7,281,-209,24308,22021,558,1729
12292,93,8,191,-106,24401,22212,566,1623
12293,117,2,185,-70,24518,22397,568,1553
12294,81,4,172,-95,24599,22569,572,1458
12295,116,3,318,-205,24715,22887,575,1253
12296,141,4,112,25,24856,22999,579,1278
12297,110,3,77,30,24966,23076,582,1308
12298,147,3,144,0,25113,23220,585,1308
12299,68,6,128,-66,25181,23348,591,1242
12300,81,5,156,-80,25262,23504,596,1162
12301,110,2,96,12,25372,23600,598,1174
12302,160,2,92,66,25532,23692,600,1240
12303,169,1,115,53,25701,23807,601,1293
12304,139,1,93,45,25840,23900,602,1338
12305,192,5,114,73,26032,24014,607,1411
12306,134,7,153,-26,26166,24167,614,1385
12307,166,3,108,55,26332,24275,617,1440
12308,88,2,98,-12,26420,24373,619,1428
12309,266,2,78,186,26686,24451,621,1614
12310,138,5,89,44,26824,24540,626,1658
12311,93,1,119,-27,26917,24659,627,1631
12312,170,2,186,-18,27087,24845,629,1613
12313,96,5,166,-75,27183,25011,634,1538
12314,188,1,138,49,27371,25149,635,1587
12315,88,6,140,-58,27459,25289,641,1529
12316,167,4,141,22,27626,25430,645,1551
12317,122,5,150,-33,27748,25580,650,1518
12318,137,5,96,36,27885,25676,655,1554
12319,122,1,204,-83,28007,25880,656,1471
12320,112,7,140,-35,28119,26020,663,1436
12321,153,5,99,49,28272,26119,668,1485
12322,44,2,169,-127,28316,26288,670,1358
12323,132,9,99,24,28448,26387,679,1382
12324,129,2,159,-32,28577,26546,681,1350
12325,116,1,116,-1,28693,26662,682,1349
12326,96,2,148,-54,28789,26810,684,1295
12327,89,2,130,-43,28878,26940,686,1252
12328,130,1,140,-11,29008,27080,687,1241
12329,21,3,120,-102,29029,27200,690,1139
12330,78,1,110,-33,29107,27310,691,1106
12331,104,1,135,-32,29211,27445,692,1074
12332,92,5,58,29,29303,27503,697,1103
12333,68,3,107,-42,29371,27610,700,1061
12334,70,3,130,-63,29441,27740,703,998
12335,93,3,77,13,29534,27817,706,1011
12336,62,1,74,-13,29596,27891,707,998
12337,73,3,83,-13,29669,27974,710,985
12338,173,4,129,40,29842,28103,714,1025
12339,89,3,44,42,29931,28147,717,1067
12340,96,3,92,1,30027,28239,720,1068
12341,47,2,104,-59,30074,28343,722,1009
12342,67,1,88,-22,30141,28431,723,987
12343,56,2,51,3,30197,28482,725,990
12344,80,4,72,4,30277,28554,729,994
12345,22,1,57,-36,30299,28611,730,958
12346,109,2,111,-4,30408,28722,732,954
12347,69,3,74,-8,30477,28796,735,946
12348,133,8,171,-46,30610,28967,743,900
12349,197,1,91,105,30807,29058,744,1005
12350,51,2,94,-45,30858,29152,746,960
12351,116,3,59,54,30974,29211,749,1014
12352,110,2,55,53,31084,29266,751,1067
12353,133,2,63,68,31217,29329,753,1135
12354,69,4,85,-20,31286,29414,757,1115
12355,49,4,56,-11,31335,29470,761,1104
12356,63,2,91,-30,31398,29561,763,1074
12357,55,2,75,-22,31453,29636,765,1052
12358,89,1,106,-18,31542,29742,766,1034
12359,79,3,165,-89,31621,29907,769,945
12360,87,4,70,13,31708,29977,773,958
12361,129,1,99,29,31837,30076,774,987
12362,68,4,87,-23,31905,30163,778,964
12363,134,3,99,32,32039,30262,781,996
12364,64,2,71,-9,32103,30333,783,987
12365,109,3,75,31,32212,30408,786,1018
12366,107,2,67,38,32319,30475,788,1056
12367,111,1,50,60,32430,30525,789,1116
12368,58,4,50,4,32488,30575,793,1120
12369,66,3,107,-44,32554,30682,796,1076
12370,169,4,111,54,32723,30793,800,1130
12371,69,1,98,-30,32792,30891,801,1100
12372,117,3,52,62,32909,30943,804,1162
12373,82,1,121,-40,32991,31064,805,1122
12374,108,1,56,51,33099,31120,806,1173
12375,132,7,211,-86,33231,31331,813,1087
12376,219,3,114,102,33450,31445,816,1189
12377,49,0,112,-63,33499,31557,816,1126
12378,74,4,76,-6,33573,31633,820,1120
12379,167,3,71,93,33740,31704,823,1213
12380,125,5,141,-21,33865,31845,828,1192
12381,120,7,85,28,33985,31930,835,1220
12382,169,0,107,62,34154,32037,835,1282
12383,112,3,75,34,34266,32112,838,1316
12384,125,1,95,29,34391,32207,839,1345
12385,69,5,105,-41,34460,32312,844,1304
12386,132,2,140,-10,34592,32452,846,1294
12387,160,5,144,11,34752,32596,851,1305
12388,199,6,75,118,34951,32671,857,1423
12389,203,4,132,67,35154,32803,861,1490
12390,116,4,121,-9,35270,32924,865,1481
12391,217,6,123,88,35487,33047,871,1569
12392,85,8,108,-31,35572,33155,879,1538
12393,214,5,170,39,35786,33325,884,1577
12394,222,4,116,102,36008,33441,888,1679
12395,300,6,146,148,36308,33587,894,1827
12396,231,4,126,101,36539,33713,898,1928
12397,265,1,142,122,36804,33855,899,2050
12398,191,5,135,51,36995,33990,904,2101
12399,146,6,94,46,37141,34084,910,2147
12400,253,7,196,50,37394,34280,917,2197
12401,335,11,162,162,37729,34442,928,2359
12402,269,10,106,153,37998,34548,938,2512
12403,235,6,194,35,38233,34742,944,2547
12404,320,6,215,99,38553,34957,950,2646
12405,330,8,278,44,38883,35235,958,2690
12406,227,9,203,15,39110,35438,967,2705
12407,410,14,212,184,39520,35650,981,2889
12408,460,4,233,223,39980,35883,985,3112
12409,419,12,157,250,40399,36040,997,3362
12410,477,11,241,225,40876,36281,1008,3587
12411,421,9,328,84,41297,36609,1017,3671
12412,404,8,224,172,41701,36833,1025,3843
12413,614,14,208,392,42315,37041,1039,4235
12414,383,11,329,43,42698,37370,1050,4278
12415,479,11,271,197,43177,37641,1061,4475
12416,579,10,280,289,43756,37921,1071,4764
12417,521,14,403,104,44277,38324,1085,4868
12418,377,15,333,29,44654,38657,1100,4897
12419,583,16,344,223,45237,39001,1116,5120
12420,341,18,398,-75,45578,39399,1134,5045
12421,483,7,331,145,46061,39730,1141,5190
12422,570,15,572,-17,46631,40302,1156,5173
12423,520,20,479,21,47151,40781,1176,5194
12424,628,17,505,106,47779,41286,1193,5300
12425,653,7,256,390,48432,41542,1200,5690
12426,454,26,222,206,48886,41764,1226,5896
12427,551,14,630,-93,49437,42394,1240,5803
12428,587,24,527,36,50024,42921,1264,5839
12429,523,12,779,-268,50547,43700,1276,5571
12430,513,14,263,236,51060,43963,1290,5807
12431,112,16,501,-405,51172,44464,1306,5402
12432,146,12,564,-430,51318,45028,1318,4972
12433,355,6,567,-218,51673,45595,1324,4754
12434,317,21,600,-304,51990,46195,1345,4450
12435,321,18,579,-276,52311,46774,1363,4174
12436,385,17,469,-101,52696,47243,1380,4073
12437,421,11,596,-186,53117,47839,1391,3887
12438,512,17,648,-153,53629,48487,1408,3734
12439,639,6,431,202,54268,48918,1414,3936
12440,592,12,513,67,54860,49431,1426,4003
12441,665,24,202,439,55525,49633,1450,4442
12442,642,19,179,444,56167,49812,1469,4886
12443,739,27,347,365,56906,50159,1496,5251
12444,810,14,248,548,57716,50407,1510,5799
12445,503,19,458,26,58219,50865,1529,5825
12446,652,11,413,228,58871,51278,1540,6053
12447,726,21,451,254,59597,51729,1561,6307
12448,473,26,501,-54,60070,52230,1587,6253
12449,452,13,589,-150,60522,52819,1600,6103
12450,615,16,577,22,61137,53396,1616,6125
12451,380,13,478,-111,61517,53874,1629,6014
12452,593,16,701,-124,62110,54575,1645,5890
12453,507,19,682,-194,62617,55257,1664,5696
12454,528,9,738,-219,63145,55995,1673,5477
12455,313,22,561,-270,63458,56556,1695,5207
12456,345,13,638,-306,63803,57194,1708,4901
12457,402,14,646,-258,64205,57840,1722,4643
12458,438,11,470,-43,64643,58310,1733,4600
12459,387,12,447,-72,65030,58757,1745,4528
12460,388,7,561,-180,65418,59318,1752,4348
12461,322,13,400,-91,65740,59718,1765,4257
12462,163,9,546,-392,65903,60264,1774,3865
12463,310,5,521,-216,66213,60785,1779,3649
12464,326,14,453,-141,66539,61238,1793,3508
12465,331,15,339,-23,66870,61577,1808,3485
12466,353,8,365,-20,67223,61942,1816,3465
12467,284,9,385,-110,67507,62327,1825,3355
12468,274,12,379,-117,67781,62706,1837,3238
12469,148,7,403,-262,67929,63109,1844,2976
12470,224,7,360,-143,68153,63469,1851,2833
12471,329,10,317,2,68482,63786,1861,2835
12472,295,11,177,107,68777,63963,1872,2942
12473,274,11,300,-37,69051,64263,1883,2905
12474,365,10,309,46,69416,64572,1893,2951
12475,223,6,305,-88,69639,64877,1899,2863
12476,209,10,312,-113,69848,65189,1909,2750
12477,288,14,273,1,70136,65462,1923,2751
12478,381,8,251,122,70517,65713,1931,2873
12479,416,11,147,258,70933,65860,1942,3131
12480,506,10,222,274,71439,66082,1952,3405
12481,447,8,352,87,71886,66434,1960,3492
12482,463,6,245,212,72349,66679,1966,3704
12483,424,11,273,140,72773,66952,1977,3844
12484,418,3,326,89,73191,67278,1980,3933
12485,532,15,193,324,73723,67471,1995,4257
12486,672,8,209,455,74395,67680,2003,4712
12487,504,16,299,189,74899,67979,2019,4901
12488,738,20,394,324,75637,68373,2039,5225
12489,653,15,373,265,76290,68746,2054,5490
12490,560,17,495,48,76850,69241,2071,5538
12491,610,11,450,149,77460,69691,2082,5687
12492,978,16,474,488,78438,70165,2098,6175
12493,964,23,361,580,79402,70526,2121,6755
12494,858,19,391,448,80260,70917,2140,7203
12495,999,21,517,461,81259,71434,2161,7664
12496,847,28,639,180,82106,72073,2189,7844
12497,680,27,509,144,82786,72582,2216,7988
12498,843,24,739,80,83629,73321,2240,8068
12499,452,23,317,112,84081,73638,2263,8180
12500,769,27,786,-44,84850,74424,2290,8136
12501,1008,21,600,387,85858,75024,2311,8523
12502,1215,34,971,210,87073,75995,2345,8733
12503,1032,37,927,68,88105,76922,2382,8801
12504,1137,32,806,299,89242,77728,2414,9100
12505,1428,35,664,729,90670,78392,2449,9829
12506,1276,23,921,332,91946,79313,2472,10161
12507,2096,25,605,1466,94042,79918,2497,11627
12508,1667,43,908,716,95709,80826,2540,12343
12509,1626,50,372,1204,97335,81198,2590,13547
12510,1202,33,849,320,98537,82047,2623,13867
12511,1077,50,993,34,99614,83040,2673,13901
12512,1254,36,1180,38,100868,84220,2709,13939
12513,1464,46,553,865,102332,84773,2755,14804
12514,860,34,1666,-840,103192,86439,2789,13964
12515,2205,55,1115,1035,105397,87554,2844,14999
12516,1251,50,1081,120,106648,88635,2894,15119
12517,1154,26,2018,-890,107802,90653,2920,14229
12518,784,53,1503,-772,108586,92156,2973,13457
12519,1235,56,1687,-508,109821,93843,3029,12949
12520,1174,55,1060,59,110995,94903,3084,13008
12521,704,35,966,-297,111699,95869,3119,12711
12522,1070,29,858,183,112769,96727,3148,12894
12523,1070,31,1495,-456,113839,98222,3179,12438
12524,936,52,834,50,114775,99056,3231,12488
12525,609,42,1684,-1117,115384,100740,3273,11371
12526,819,33,1540,-754,116203,102280,3306,10617
12527,589,30,1098,-539,116792,103378,3336,10078
12528,2,0,0,2,2,0,0,2
12529,0,0,0,0,2,0,0,2
12530,0,0,0,0,2,0,0,2
12531,0,0,0,0,2,0,0,2
12532,0,0,0,0,2,0,0,2
12533,0,0,0,0,2,0,0,2
12534,0,0,0,0,2,0,0,2
12535,0,0,0,0,2,0,0,2
12536,0,0,0,0,2,0,0,2
12537,0,0,0,0,2,0,0,2
12538,0,0,0,0,2,0,0,2
12539,0,0,0,0,2,0,0,2
12540,0,0,0,0,2,0,0,2
12541,0,0,0,0,2,0,0,2
12542,0,0,0,0,2,0,0,2
12543,0,0,0,0,2,0,0,2
12544,0,0,0,0,2,0,0,2
12545,0,0,0,0,2,0,0,2
12546,0,0,0,0,2,0,0,2
12547,0,0,0,0,2,0,0,2
12548,3,0,0,3,5,0,0,5
12549,0,0,0,0,5,0,0,5
12550,0,0,0,0,5,0,0,5
12551,2,0,0,2,7,0,0,7
12552,0,0,0,0,7,0,0,7
12553,0,0,0,0,7,0,0,7
12554,1,0,0,1,8,0,0,8
12555,5,0,0,5,13,0,0,13
12556,2,0,0,2,15,0,0,15
12557,1,0,0,1,16,0,0,16
12558,0,0,0,0,16,0,0,16
12559,0,0,0,0,16,0,0,16
12560,21,0,0,21,37,0,0,37
12561,0,0,0,0,37,0,0,37
12562,0,0,0,0,37,0,0,37
12563,5,0,0,5,42,0,0,42
12564,1,0,0,1,43,0,0,43
12565,0,0,0,0,43,0,0,43
12566,0,0,0,0,43,0,0,43
12567,6,0,0,6,49,0,0,49
12568,4,0,0,4,53,0,0,53
12569,0,0,0,0,53,0,0,53
12570,0,0,0,0,53,0,0,53
12571,0,0,0,0,53,0,0,53
12572,17,0,2,15,70,2,0,68
12573,0,0,0,0,70,2,0,68
12574,0,0,0,0,70,2,0,68
12575,0,0,0,0,70,2,0,68
12576,18,0,0,18,88,2,0,86
12577,0,0,0,0,88,2,0,86
12578,14,0,3,11,102,5,0,97
12579,3,0,0,3,105,5,0,100
12580,0,0,0,0,105,5,0,100
12581,0,0,0,0,105,5,0,100
12582,1,0,1,0,106,6,0,100
12583,3,0,1,2,109,7,0,102
12584,10,0,4,6,119,11,0,108
12585,10,1,8,1,129,19,1,109
12586,1,0,0,1,130,19,1,110
12587,0,0,3,-3,130,22,1,107
12588,2,0,13,-11,132,35,1,96
12589,0,0,1,-1,132,36,1,95
12590,20,0,2,18,152,38,1,113
12591,6,0,4,2,158,42,1,115
12592,4,0,7,-3,162,49,1,112
12593,6,0,6,0,168,55,1,112
12594,0,0,0,0,168,55,1,112
12595,4,0,0,4,172,55,1,116
12596,0,0,0,0,172,55,1,116
12597,1,0,2,-1,173,57,1,115
12598,2,0,17,-15,175,74,1,100
12599,3,0,0,3,178,74,1,103
12600,1,0,0,1,179,74,1,104
12601,0,0,0,0,179,74,1,104
12602,4,0,1,3,183,75,1,107
12603,8,0,9,-1,191,84,1,106
12604,4,0,1,3,195,85,1,109
12605,5,0,1,4,200,86,1,113
12606,5,1,0,4,205,86,2,117
12607,3,0,1,2,208,87,2,119
12608,1,0,0,1,209,87,2,120
12609,3,0,7,-4,212,94,2,116
12610,2,0,2,0,214,96,2,116
12611,5,0,22,-17,219,118,2,99
12612,3,0,8,-5,222,126,2,94
12613,0,0,2,-2,222,128,2,92
12614,2,0,0,2,224,128,2,94
12615,0,0,0,0,224,128,2,94
12616,0,0,1,-1,224,129,2,93
12617,1,0,16,-15,225,145,2,78
12618,8,0,4,4,233,149,2,82
12619,0,0,1,-1,233,150,2,81
12620,1,0,2,-1,234,152,2,80
12621,2,0,0,2,236,152,2,82
12622,1,1,1,-1,237,153,3,81
12623,2,0,0,2,239,153,3,83
12624,3,0,12,-9,242,165,3,74
12625,2,0,5,-3,244,170,3,71
12626,5,0,0,5,249,170,3,76
12627,4,0,1,3,253,171,3,79
12628,2,0,6,-4,255,177,3,75
12629,10,0,7,3,265,184,3,78
12630,1,0,1,0,266,185,3,78
12631,0,0,1,-1,266,186,3,77
12632,6,0,0,6,272,186,3,83
12633,4,0,1,3,276,187,3,86
12634,6,0,1,5,282,188,3,91
12635,4,0,5,-1,286,193,3,90
12636,0,0,3,-3,286,196,3,87
12637,6,0,2,4,292,198,3,91
12638,0,0,4,-4,292,202,3,87
12639,4,0,0,4,296,202,3,91
12640,5,0,1,4,301,203,3,95
12641,38,1,2,35,339,205,4,130
12642,2,0,4,-2,341,209,4,128
12643,27,0,3,24,368,212,4,152
12644,3,0,1,2,371,213,4,154
12645,5,0,3,2,376,216,4,156
12646,10,0,14,-4,386,230,4,152
12647,1,0,2,-1,387,232,4,151
12648,1,0,0,1,388,232,4,152
12649,4,0,0,4,392,232,4,156
12650,4,0,2,2,396,234,4,158
12651,1,0,29,-28,397,263,4,130
12652,16,0,2,14,413,265,4,144
12653,17,1,27,-11,430,292,5,133
12654,3,0,0,3,433,292,5,136
12655,18,0,0,18,451,292,5,154
12656,9,0,3,6,460,295,5,160
12657,0,0,0,0,460,295,5,160
12658,11,0,9,2,471,304,5,162
12659,10,0,2,8,481,306,5,170
12660,11,0,39,-28,492,345,5,142
12661,44,0,5,39,536,350,5,181
12662,15,0,12,3,551,362,5,184
12663,1,0,0,1,552,362,5,185
12664,5,0,23,-18,557,385,5,167
12665,1,0,6,-5,558,391,5,162
12666,13,1,8,4,571,399,6,166
12667,24,0,19,5,595,418,6,171
12668,0,0,19,-19,595,437,6,152
12669,6,0,2,4,601,439,6,156
12670,4,0,11,-7,605,450,6,149
12671,2,0,1,1,607,451,6,150
12672,13,0,34,-21,620,485,6,129
12673,14,0,25,-11,634,510,6,118
12674,6,0,1,5,640,511,6,123
12675,3,0,1,2,643,512,6,125
12676,4,0,6,-2,647,518,6,123
12677,2,1,0,1,649,518,7,124
12678,10,1,6,3,659,524,8,127
12679,0,0,0,0,659,524,8,127
12680,52,2,22,28,711,546,10,155
12681,9,1,9,-1,720,555,11,154
12682,6,0,7,-1,726,562,11,153
12683,20,1,0,19,746,562,12,172
12684,6,0,1,5,752,563,12,177
12685,55,0,6,49,807,569,12,226
12686,24,2,23,-1,831,592,14,225
12687,5,0,6,-1,836,598,14,224
12688,25,0,1,24,861,599,14,248
12689,27,0,5,22,888,604,14,270
12690,7,0,16,-9,895,620,14,261
12691,13,2,2,9,908,622,16,270
12692,32,0,8,24,940,630,16,294
12693,1,0,3,-2,941,633,16,292
12694,18,0,12,6,959,645,16,298
12695,11,0,4,7,970,649,16,305
12696,49,2,17,30,1019,666,18,335
12697,67,1,5,61,1086,671,19,396
12698,0,0,0,0,1086,671,19,396
12699,99,4,19,76,1185,690,23,472
12700,51,0,12,39,1236,702,23,511
12701,42,0,22,20,1278,724,23,531
12702,55,1,7,47,1333,731,24,578
12703,54,1,122,-69,1387,853,25,509
12704,48,0,0,48,1435,853,25,557
12705,60,0,50,10,1495,903,25,567
12706,21,0,13,8,1516,916,25,575
12707,70,0,3,67,1586,919,25,642
12708,87,0,19,68,1673,938,25,710
12709,0,0,0,0,1673,938,25,710
12710,146,3,101,42,1819,1039,28,752
12711,131,0,17,114,1950,1056,28,866
12712,39,0,17,22,1989,1073,28,888
12713,64,2,39,23,2053,1112,30,911
12714,34,3,15,16,2087,1127,33,927
12715,47,1,27,19,2134,1154,34,946
12716,31,0,11,20,2165,1165,34,966
12717,47,0,0,47,2212,1165,34,1013
12718,46,1,3,42,2258,1168,35,1055
12719,87,0,91,-4,2345,1259,35,1051
12720,16,0,20,-4,2361,1279,35,1047
12721,114,0,67,47,2475,1346,35,1094
12722,68,3,41,24,2543,1387,38,1118
12723,210,0,7,203,2753,1394,38,1321
12724,101,0,87,14,2854,1481,38,1335
12725,38,1,19,18,2892,1500,39,1353
12726,125,0,61,64,3017,1561,39,1417
12727,21,1,35,-15,3038,1596,40,1402
12728,43,1,733,-691,3081,2329,41,711
12729,0,0,0,0,3081,2329,41,711
12730,154,3,64,87,3235,2393,44,798
12731,118,0,51,67,3353,2444,44,865
12732,112,1,59,52,3465,2503,45,917
12733,161,1,32,128,3626,2535,46,1045
12734,10,2,7,1,3636,2542,48,1046
12735,17,2,103,-88,3653,2645,50,958
12736,35,6,46,-17,3688,2691,56,941
12737,73,0,16,57,3761,2707,56,998
12738,97,2,38,57,3858,2745,58,1055
12739,21,2,90,-71,3879,2835,60,984
12740,6,0,240,-234,3885,3075,60,750
12741,6,2,18,-14,3891,3093,62,736
12742,83,0,268,-185,3974,3361,62,551
12743,106,2,118,-14,4080,3479,64,537
12744,8,0,16,-8,4088,3495,64,529
12745,48,0,0,48,4136,3495,64,577
12746,13,0,108,-95,4149,3603,64,482
12747,40,1,55,-16,4189,3658,65,466
12748,0,0,0,0,4189,3658,65,466
12749,91,0,26,65,4280,3684,65,531
12750,18,2,11,5,4298,3695,67,536
12751,31,1,9,21,4329,3704,68,557
12752,66,0,9,57,4395,3713,68,614
12753,54,0,12,42,4449,3725,68,656
12754,52,0,150,-98,4501,3875,68,558
12755,8,2,7,-1,4509,3882,70,557
12756,23,0,2,21,4532,3884,70,578
12757,72,0,36,36,4604,3920,70,614
12758,11,0,19,-8,4615,3939,70,606
12759,25,0,13,12,4640,3952,70,618
12760,31,0,20,11,4671,3972,70,629
12761,0,0,114,-114,4671,4086,70,515
12762,0,1,15,-16,4671,4101,71,499
12763,1,0,15,-14,4672,4116,71,485
12764,75,0,91,-16,4747,4207,71,469
12765,36,4,53,-21,4783,4260,75,448
12766,69,0,3,66,4852,4263,75,514
12767,71,3,36,32,4923,4299,78,546
12768,46,1,53,-8,4969,4352,79,538
12769,31,1,59,-29,5000,4411,80,509
12770,76,1,27,48,5076,4438,81,557
12771,79,0,24,55,5155,4462,81,612
12772,49,0,38,11,5204,4500,81,623
12773,14,0,16,-2,5218,4516,81,621
12774,35,2,14,19,5253,4530,83,640
12775,4,2,1,1,5257,4531,85,641
12776,19,1,14,4,5276,4545,86,645
12777,76,1,41,34,5352,4586,87,679
12778,19,0,39,-20,5371,4625,87,659
12779,6,0,42,-36,5377,4667,87,623
12780,20,0,28,-8,5397,4695,87,615
12781,19,0,30,-11,5416,4725,87,604
12782,2,0,45,-43,5418,4770,87,561
12783,7,1,3,3,5425,4773,88,564
12784,9,3,38,-32,5434,4811,91,532
12785,56,1,50,5,5490,4861,92,537
12786,31,1,66,-36,5521,4927,93,501
12787,11,0,45,-34,5532,4972,93,467
12788,37,0,50,-13,5569,5022,93,454
12789,41,0,20,21,5610,5042,93,475
12790,6,1,35,-30,5616,5077,94,445
12791,11,3,10,-2,5627,5087,97,443
12792,14,0,29,-15,5641,5116,97,428
12793,15,0,14,1,5656,5130,97,429
12794,43,0,16,27,5699,5146,97,456
12795,38,0,40,-2,5737,5186,97,454
12796,11,0,28,-17,5748,5214,97,437
12797,43,0,22,21,5791,5236,97,458
12798,8,0,10,-2,5799,5246,97,456
12799,31,1,12,18,5830,5258,98,474
12800,32,0,15,17,5862,5273,98,491
12801,42,0,7,35,5904,5280,98,526
12802,15,0,62,-47,5919,5342,98,479
12803,14,0,10,4,5933,5352,98,483
12804,3,0,17,-14,5936,5369,98,469
12805,5,0,19,-14,5941,5388,98,455
12806,5,0,29,-24,5946,5417,98,431
12807,33,0,32,1,5979,5449,98,432
12808,16,1,4,11,5995,5453,99,443
12809,17,1,33,-17,6012,5486,100,426
12810,15,0,52,-37,6027,5538,100,389
12811,11,0,37,-26,6038,5575,100,363
12812,31,0,24,7,6069,5599,100,370
12813,12,0,17,-5,6081,5616,100,365
12814,32,0,6,26,6113,5622,100,391
12815,25,1,37,-13,6138,5659,101,378
12816,23,1,4,18,6161,5663,102,396
12817,27,0,0,27,6188,5663,102,423
12818,26,0,20,6,6214,5683,102,429
12819,32,1,13,18,6246,5696,103,447
12820,24,1,14,9,6270,5710,104,456
12821,14,0,5,9,6284,5715,104,465
12822,20,0,12,8,6304,5727,104,473
12823,57,0,7,50,6361,5734,104,523
12824,12,0,23,-11,6373,5757,104,512
12825,21,1,11,9,6394,5768,105,521
12826,12,0,10,2,6406,5778,105,523
12827,8,0,6,2,6414,5784,105,525
12828,48,1,32,15,6462,5816,106,540
12829,24,0,13,11,6486,5829,106,551
12830,22,0,26,-4,6508,5855,106,547
12831,25,0,10,15,6533,5865,106,562
12832,31,0,22,9,6564,5887,106,571
12833,20,0,29,-9,6584,5916,106,562
12834,32,1,19,12,6616,5935,107,574
12835,22,0,14,8,6638,5949,107,582
12836,32,1,27,4,6670,5976,108,586
12837,36,0,23,13,6706,5999,108,599
12838,21,2,31,-12,6727,6030,110,587
12839,4,0,32,-28,6731,6062,110,559
12840,25,0,29,-4,6756,6091,110,555
12841,36,0,37,-1,6792,6128,110,554
12842,5,0,39,-34,6797,6167,110,520
12843,13,0,22,-9,6810,6189,110,511
12844,14,0,20,-6,6824,6209,110,505
12845,13,0,11,2,6837,6220,110,507
12846,30,0,33,-3,6867,6253,110,504
12847,28,0,32,-4,6895,6285,110,500
12848,23,0,25,-2,6918,6310,110,498
12849,16,1,16,-1,6934,6326,111,497
12850,35,0,23,12,6969,6349,111,509
12851,8,0,36,-28,6977,6385,111,481
12852,24,7,15,2,7001,6400,118,483
12853,27,0,7,20,7028,6407,118,503
12854,8,0,0,8,7036,6407,118,511
12855,48,0,7,41,7084,6414,118,552
12856,25,1,29,-5,7109,6443,119,547
12857,14,0,8,6,7123,6451,119,553
12858,28,2,130,-104,7151,6581,121,449
12859,21,0,20,1,7172,6601,121,450
12860,31,0,25,6,7203,6626,121,456
12861,32,2,19,11,7235,6645,123,467
12862,52,0,34,18,7287,6679,123,485
12863,33,1,32,0,7320,6711,124,485
12864,37,0,43,-6,7357,6754,124,479
12865,33,0,29,4,7390,6783,124,483
12866,33,1,28,4,7423,6811,125,487
12867,18,0,11,7,7441,6822,125,494
12868,29,0,28,1,7470,6850,125,495
12869,47,0,29,18,7517,6879,125,513
12870,27,0,37,-10,7544,6916,125,503
12871,27,0,14,13,7571,6930,125,516
12872,44,0,29,15,7615,6959,125,531
12873,15,0,43,-28,7630,7002,125,503
12874,12,1,14,-3,7642,7016,126,500
12875,57,0,43,14,7699,7059,126,514
12876,30,0,17,13,7729,7076,126,527
12877,37,0,18,19,7766,7094,126,546
12878,28,0,41,-13,7794,7135,126,533
12879,45,0,20,25,7839,7155,126,558
12880,37,0,27,10,7876,7182,126,568
12881,8,0,29,-21,7884,7211,126,547
12882,27,1,23,3,7911,7234,127,550
12883,43,1,22,20,7954,7256,128,570
12884,37,1,40,-4,7991,7296,129,566
12885,25,0,29,-4,8016,7325,129,562
12886,42,1,41,0,8058,7366,130,562
12887,37,0,38,-1,8095,7404,130,561
12888,15,0,41,-26,8110,7445,130,535
12889,24,0,24,0,8134,7469,130,535
12890,15,1,30,-16,8149,7499,131,519
12891,22,0,49,-27,8171,7548,131,492
12892,18,0,55,-37,8189,7603,131,455
12893,44,0,36,8,8233,7639,131,463
12894,31,0,40,-9,8264,7679,131,454
12895,11,0,7,4,8275,7686,131,458
12896,15,0,19,-4,8290,7705,131,454
12897,19,1,24,-6,8309,7729,132,448
12898,23,0,28,-5,8332,7757,132,443
12899,30,0,26,4,8362,7783,132,447
12900,15,0,39,-24,8377,7822,132,423
12901,18,1,13,4,8395,7835,133,427
12902,11,0,33,-22,8406,7868,133,405
12903,20,2,15,3,8426,7883,135,408
12904,26,3,26,-3,8452,7909,138,405
12905,31,1,40,-10,8483,7949,139,395
12906,27,0,28,-1,8510,7977,139,394
12907,15,0,24,-9,8525,8001,139,385
12908,10,0,9,1,8535,8010,139,386
12909,8,0,10,-2,8543,8020,139,384
12910,61,1,22,38,8604,8042,140,422
12911,30,0,24,6,8634,8066,140,428
12912,14,0,11,3,8648,8077,140,431
12913,28,0,31,-3,8676,8108,140,428
12914,27,0,50,-23,8703,8158,140,405
12915,17,1,37,-21,8720,8195,141,384
12916,8,1,19,-12,8728,8214,142,372
12917,13,0,26,-13,8741,8240,142,359
12918,12,0,10,2,8753,8250,142,361
12919,30,0,36,-6,8783,8286,142,355
12920,24,0,18,6,8807,8304,142,361
12921,20,0,24,-4,8827,8328,142,357
12922,3,2,18,-17,8830,8346,144,340
12923,11,0,15,-4,8841,8361,144,336
12924,38,1,22,15,8879,8383,145,351
12925,33,3,21,9,8912,8404,148,360
12926,21,0,73,-52,8933,8477,148,308
12927,9,2,37,-30,8942,8514,150,278
12928,32,0,32,0,8974,8546,150,278
12929,12,0,9,3,8986,8555,150,281
12930,1,2,27,-28,8987,8582,152,253
12931,21,0,6,15,9008,8588,152,268
12932,23,0,38,-15,9031,8626,152,253
12933,10,0,13,-3,9041,8639,152,250
12934,30,0,34,-4,9071,8673,152,246
12935,10,0,18,-8,9081,8691,152,238
12936,8,0,21,-13,9089,8712,152,225
12937,6,0,14,-8,9095,8726,152,217
12938,21,0,21,0,9116,8747,152,217
12939,23,0,6,17,9139,8753,152,234
12940,2,0,28,-26,9141,8781,152,208
12941,3,0,12,-9,9144,8793,152,199
12942,5,0,14,-9,9149,8807,152,190
12943,6,1,14,-9,9155,8821,153,181
12944,1,1,18,-18,9156,8839,154,163
12945,20,3,44,-27,9176,8883,157,136
12946,6,1,13,-8,9182,8896,158,128
12947,6,0,0,6,9188,8896,158,134
12948,30,2,43,-15,9218,8939,160,119
12949,5,1,12,-8,9223,8951,161,111
12950,24,1,10,13,9247,8961,162,124
12951,2,2,17,-17,9249,8978,164,107
12952,2,0,12,-10,9251,8990,164,97
12953,14,2,4,8,9265,8994,166,105
12954,2,1,0,1,9267,8994,167,106
12955,19,2,5,12,9286,8999,169,118
12956,8,1,5,2,9294,9004,170,120
12957,2,0,9,-7,9296,9013,170,113
12958,20,0,3,17,9316,9016,170,130
12959,9,0,1,8,9325,9017,170,138
12960,5,2,16,-13,9330,9033,172,125
12961,16,0,21,-5,9346,9054,172,120
12962,11,0,13,-2,9357,9067,172,118
12963,7,0,9,-2,9364,9076,172,116
12964,33,0,22,11,9397,9098,172,127
12965,1,0,11,-10,9398,9109,172,117
12966,16,0,45,-29,9414,9154,172,88
12967,6,0,4,2,9420,9158,172,90
12968,2,1,20,-19,9422,9178,173,71
12969,15,1,12,2,9437,9190,174,73
12970,13,0,7,6,9450,9197,174,79
12971,14,0,7,7,9464,9204,174,86
12972,10,0,5,5,9474,9209,174,91
12973,15,0,13,2,9489,9222,174,93
12974,30,0,9,21,9519,9231,174,114
12975,44,1,24,19,9563,9255,175,133
12976,41,1,2,38,9604,9257,176,171
12977,33,1,3,29,9637,9260,177,200
12978,58,0,7,51,9695,9267,177,251
12979,6,0,3,3,9701,9270,177,254
12980,24,0,15,9,9725,9285,177,263
12981,87,0,8,79,9812,9293,177,342
12982,124,0,27,97,9936,9320,177,439
12983,85,2,9,74,10021,9329,179,513
12984,148,2,10,136,10169,9339,181,649
12985,151,1,22,128,10320,9361,182,777
12986,120,1,15,104,10440,9376,183,881
12987,137,0,38,99,10577,9414,183,980
12988,162,1,38,123,10739,9452,184,1103
12989,151,2,22,127,10890,9474,186,1230
12990,301,2,33,266,11191,9507,188,1496
12991,206,0,4,202,11397,9511,188,1698
12992,276,0,27,249,11673,9538,188,1947
12993,339,0,43,296,12012,9581,188,2243
12994,258,1,51,206,12270,9632,189,2449
12995,287,1,48,238,12557,9680,190,2687
12996,317,3,86,228,12874,9766,193,2915
12997,213,4,54,155,13087,9820,197,3070
12998,190,2,62,126,13277,9882,199,3196
12999,199,0,86,113,13476,9968,199,3309
13000,151,7,119,25,13627,10087,206,3334
13001,270,8,95,167,13897,10182,214,3501
13002,602,3,192,407,14499,10374,217,3908
13003,350,3,359,-12,14849,10733,220,3896
13004,605,7,274,324,15454,11007,227,4220
13005,295,3,474,-182,15749,11481,230,4038
13006,156,3,147,6,15905,11628,233,4044
13007,70,3,136,-69,15975,11764,236,3975
13008,325,2,226,97,16300,11990,238,4072
13009,235,0,277,-42,16535,12267,238,4030
13010,153,5,170,-22,16688,12437,243,4008
13011,239,3,266,-30,16927,12703,246,3978
13012,125,2,230,-107,17052,12933,248,3871
13013,275,13,528,-266,17327,13461,261,3605
13014,73,7,326,-260,17400,13787,268,3345
13015,186,3,444,-261,17586,14231,271,3084
13016,116,0,231,-115,17702,14462,271,2969
13017,328,5,482,-159,18030,14944,276,2810
13018,184,6,337,-159,18214,15281,282,2651
13019,328,1,144,183,18542,15425,283,2834
13020,243,3,93,147,18785,15518,286,2981
13021,118,3,517,-402,18903,16035,289,2579
13022,209,2,142,65,19112,16177,291,2644
13023,157,0,167,-10,19269,16344,291,2634
13024,270,1,191,78,19539,16535,292,2712
13025,71,1,309,-239,19610,16844,293,2473
13026,140,4,159,-23,19750,17003,297,2450
13027,68,0,208,-140,19818,17211,297,2310
13028,408,2,250,156,20226,17461,299,2466
13029,418,3,333,82,20644,17794,302,2548
13030,341,4,502,-165,20985,18296,306,2383
13031,227,4,284,-61,21212,18580,310,2322
13032,139,0,120,19,21351,18700,310,2341
13033,99,3,149,-53,21450,18849,313,2288
13034,68,4,278,-214,21518,19127,317,2074
13035,26,1,116,-91,21544,19243,318,1983
13036,42,4,142,-104,21586,19385,322,1879
13037,85,3,192,-110,21671,19577,325,1769
13038,1,0,0,1,1,0,0,1
13039,0,0,0,0,1,0,0,1
13040,0,0,0,0,1,0,0,1
13041,0,0,0,0,1,0,0,1
13042,0,0,0,0,1,0,0,1
13043,0,0,0,0,1,0,0,1
13044,1,0,0,1,2,0,0,2
13045,0,0,0,0,2,0,0,2
13046,0,0,0,0,2,0,0,2
13047,0,0,0,0,2,0,0,2
13048,0,0,0,0,2,0,0,2
13049,0,0,0,0,2,0,0,2
13050,0,0,0,0,2,0,0,2
13051,1,0,0,1,3,0,0,3
13052,2,1,1,0,5,1,1,3
13053,0,0,0,0,5,1,1,3
13054,0,0,0,0,5,1,1,3
13055,0,0,0,0,5,1,1,3
13056,2,0,0,2,7,1,1,5
13057,0,0,0,0,7,1,1,5
13058,0,0,0,0,7,1,1,5
13059,0,0,0,0,7,1,1,5
13060,0,0,0,0,7,1,1,5
13061,0,0,0,0,7,1,1,5
13062,0,0,0,0,7,1,1,5
13063,1,0,0,1,8,1,1,6
13064,0,0,0,0,8,1,1,6
13065,25,0,0,25,33,1,1,31
13066,2,0,0,2,35,1,1,33
13067,0,0,0,0,35,1,1,33
13068,0,0,0,0,35,1,1,33
13069,2,0,2,0,37,3,1,33
13070,1,0,1,0,38,4,1,33
13071,4,0,0,4,42,4,1,37
13072,1,0,1,0,43,5,1,37
13073,1,0,0,1,44,5,1,38
13074,0,0,0,0,44,5,1,38
13075,0,0,0,0,44,5,1,38
13076,14,1,0,13,58,5,2,51
13077,0,0,0,0,58,5,2,51
13078,0,0,0,0,58,5,2,51
13079,2,0,0,2,60,5,2,53
13080,2,0,0,2,62,5,2,55
13081,0,0,0,0,62,5,2,55
13082,0,0,0,0,62,5,2,55
13083,5,0,2,3,67,7,2,58
13084,6,0,0,6,73,7,2,64
13085,1,0,13,-12,74,20,2,52
13086,0,0,2,-2,74,22,2,50
13087,1,0,1,0,75,23,2,50
13088,0,0,0,0,75,23,2,50
13089,0,0,0,0,75,23,2,50
13090,2,0,2,0,77,25,2,50
13091,1,0,0,1,78,25,2,51
13092,8,0,0,8,86,25,2,59
13093,0,0,1,-1,86,26,2,58
13094,0,0,1,-1,86,27,2,57
13095,0,0,0,0,86,27,2,57
13096,0,0,0,0,86,27,2,57
13097,1,0,2,-1,87,29,2,56
13098,1,0,3,-2,88,32,2,54
13099,0,0,2,-2,88,34,2,52
13100,0,0,0,0,88,34,2,52
13101,0,0,0,0,88,34,2,52
13102,4,0,7,-3,92,41,2,49
13103,0,0,0,0,92,41,2,49
13104,0,0,8,-8,92,49,2,41
13105,0,0,0,0,92,49,2,41
13106,0,0,0,0,92,49,2,41
13107,0,0,1,-1,92,50,2,40
13108,0,0,8,-8,92,58,2,32
13109,2,0,3,-1,94,61,2,31
13110,0,0,1,-1,94,62,2,30
13111,0,0,1,-1,94,63,2,29
13112,1,0,0,1,95,63,2,30
13113,1,0,3,-2,96,66,2,28
13114,1,0,0,1,97,66,2,29
13115,0,0,4,-4,97,70,2,25
13116,1,0,1,0,98,71,2,25
13117,0,0,0,0,98,71,2,25
13118,0,0,0,0,98,71,2,25
13119,1,0,5,-4,99,76,2,21
13120,5,0,0,5,104,76,2,26
13121,0,0,1,-1,104,77,2,25
13122,0,0,0,0,104,77,2,25
13123,0,0,0,0,104,77,2,25
13124,0,0,0,0,104,77,2,25
13125,0,0,1,-1,104,78,2,24
13126,1,0,0,1,105,78,2,25
13127,1,0,1,0,106,79,2,25
13128,3,0,0,3,109,79,2,28
13129,4,0,4,0,113,83,2,28
13130,1,0,0,1,114,83,2,29
13131,0,0,0,0,114,83,2,29
13132,1,0,1,0,115,84,2,29
13133,2,0,0,2,117,84,2,31
13134,2,0,1,1,119,85,2,32
13135,1,0,0,1,120,85,2,33
13136,4,0,0,4,124,85,2,37
13137,0,0,0,0,124,85,2,37
13138,0,0,4,-4,124,89,2,33
13139,3,0,0,3,127,89,2,36
13140,2,0,1,1,129,90,2,37
13141,1,0,0,1,130,90,2,38
13142,5,1,1,3,135,91,3,41
13143,3,0,1,2,138,92,3,43
13144,4,0,3,1,142,95,3,44
13145,1,0,0,1,143,95,3,45
13146,3,0,3,0,146,98,3,45
13147,6,0,0,6,152,98,3,51
13148,2,0,4,-2,154,102,3,49
13149,0,0,1,-1,154,103,3,48
13150,4,0,1,3,158,104,3,51
13151,1,0,1,0,159,105,3,51
13152,7,0,9,-2,166,114,3,49
13153,1,0,0,1,167,114,3,50
13154,2,0,0,2,169,114,3,52
13155,2,0,3,-1,171,117,3,51
13156,4,0,0,4,175,117,3,55
13157,12,0,2,10,187,119,3,65
13158,5,0,0,5,192,119,3,70
13159,1,0,0,1,193,119,3,71
13160,2,0,0,2,195,119,3,73
13161,6,0,6,0,201,125,3,73
13162,22,1,7,14,223,132,4,87
13163,7,0,8,-1,230,140,4,86
13164,2,0,0,2,232,140,4,88
13165,6,0,4,2,238,144,4,90
13166,1,1,3,-3,239,147,5,87
13167,3,0,3,0,242,150,5,87
13168,3,0,1,2,245,151,5,89
13169,20,0,0,20,265,151,5,109
13170,2,0,7,-5,267,158,5,104
13171,8,0,7,1,275,165,5,105
13172,0,0,7,-7,275,172,5,98
13173,0,0,0,0,275,172,5,98
13174,7,0,6,1,282,178,5,99
13175,0,1,0,-1,282,178,6,98
13176,5,1,9,-5,287,187,7,93
13177,12,0,4,8,299,191,7,101
13178,7,0,12,-5,306,203,7,96
13179,1,0,8,-7,307,211,7,89
13180,12,0,0,12,319,211,7,101
13181,1,0,6,-5,320,217,7,96
13182,2,0,1,1,322,218,7,97
13183,1,0,9,-8,323,227,7,89
13184,8,0,0,8,331,227,7,97
13185,16,0,3,13,347,230,7,110
13186,5,0,7,-2,352,237,7,108
13187,1,0,0,1,353,237,7,109
13188,7,0,3,4,360,240,7,113
13189,2,0,4,-2,362,244,7,111
13190,6,0,4,2,368,248,7,113
13191,16,0,13,3,384,261,7,116
13192,4,0,2,2,388,263,7,118
13193,5,0,7,-2,393,270,7,116
13194,2,0,0,2,395,270,7,118
13195,1,0,7,-6,396,277,7,112
13196,0,0,1,-1,396,278,7,111
13197,6,0,2,4,402,280,7,115
13198,0,0,3,-3,402,283,7,112
13199,17,0,10,7,419,293,7,119
13200,0,0,6,-6,419,299,7,113
13201,0,0,3,-3,419,302,7,110
13202,16,0,4,12,435,306,7,122
13203,15,0,12,3,450,318,7,125
13204,6,0,8,-2,456,326,7,123
13205,3,0,5,-2,459,331,7,121
13206,3,0,7,-4,462,338,7,117
13207,8,0,3,5,470,341,7,122
13208,1,0,1,0,471,342,7,122
13209,4,0,5,-1,475,347,7,121
13210,2,0,2,0,477,349,7,121
13211,5,0,11,-6,482,360,7,115
13212,2,0,4,-2,484,364,7,113
13213,1,0,5,-4,485,369,7,109
13214,19,0,9,10,504,378,7,119
13215,1,0,0,1,505,378,7,120
13216,25,0,2,23,530,380,7,143
13217,10,0,5,5,540,385,7,148
13218,6,2,10,-6,546,395,9,142
13219,21,2,12,7,567,407,11,149
13220,4,0,1,3,571,408,11,152
13221,46,0,8,38,617,416,11,190
13222,0,0,0,0,617,416,11,190
13223,156,0,1,155,773,417,11,345
13224,21,0,7,14,794,424,11,359
13225,10,0,0,10,804,424,11,369
13226,5,0,4,1,809,428,11,370
13227,11,0,22,-11,820,450,11,359
13228,9,0,15,-6,829,465,11,353
13229,1,0,4,-3,830,469,11,350
13230,12,0,5,7,842,474,11,357
13231,20,0,4,16,862,478,11,373
13232,6,0,6,0,868,484,11,373
13233,10,0,8,2,878,492,11,375
13234,1,0,148,-147,879,640,11,228
13235,15,0,13,2,894,653,11,230
13236,0,0,0,0,894,653,11,230
13237,23,1,7,15,917,660,12,245
13238,15,0,26,-11,932,686,12,234
13239,7,0,7,0,939,693,12,234
13240,5,0,7,-2,944,700,12,232
13241,5,0,4,1,949,704,12,233
13242,3,0,13,-10,952,717,12,223
13243,0,0,0,0,952,717,12,223
13244,15,0,7,8,967,724,12,231
13245,4,0,10,-6,971,734,12,225
13246,0,0,8,-8,971,742,12,217
13247,0,0,2,-2,971,744,12,215
13248,7,0,19,-12,978,763,12,203
13249,9,0,21,-12,987,784,12,191
13250,1,0,0,1,988,784,12,192
13251,9,0,32,-23,997,816,12,169
13252,3,2,0,1,1000,816,14,170
13253,0,0,0,0,1000,816,14,170
13254,27,0,7,20,1027,823,14,190
13255,2,0,3,-1,1029,826,14,189
13256,7,0,14,-7,1036,840,14,182
13257,0,0,1,-1,1036,841,14,181
13258,5,1,0,4,1041,841,15,185
13259,1,0,1,0,1042,842,15,185
13260,10,0,20,-10,1052,862,15,175
13261,12,0,1,11,1064,863,15,186
13262,162,1,10,151,1226,873,16,337
13263,9,0,2,7,1235,875,16,344
13264,35,0,1,34,1270,876,16,378
13265,0,0,2,-2,1270,878,16,376
13266,13,0,2,11,1283,880,16,387
13267,12,1,14,-3,1295,894,17,384
13268,4,0,15,-11,1299,909,17,373
13269,8,0,16,-8,1307,925,17,365
13270,3,0,21,-18,1310,946,17,347
13271,5,0,6,-1,1315,952,17,346
13272,6,0,3,3,1321,955,17,349
13273,2,1,1,0,1323,956,18,349
13274,29,0,11,18,1352,967,18,367
13275,6,1,12,-7,1358,979,19,360
13276,6,1,6,-1,1364,985,20,359
13277,9,0,10,-1,1373,995,20,358
13278,2,0,13,-11,1375,1008,20,347
13279,2,0,1,1,1377,1009,20,348
13280,2,0,216,-214,1379,1225,20,134
13281,25,1,15,9,1404,1240,21,143
13282,22,0,4,18,1426,1244,21,161
13283,30,0,12,18,1456,1256,21,179
13284,7,0,7,0,1463,1263,21,179
13285,7,0,18,-11,1470,1281,21,168
13286,3,0,15,-12,1473,1296,21,156
13287,0,1,5,-6,1473,1301,22,150
13288,2,0,14,-12,1475,1315,22,138
13289,21,0,8,13,1496,1323,22,151
13290,16,2,22,-8,1512,1345,24,143
13291,3,0,3,0,1515,1348,24,143
13292,2,0,4,-2,1517,1352,24,141
13293,9,1,8,0,1526,1360,25,141
13294,8,0,5,3,1534,1365,25,144
13295,7,1,1,5,1541,1366,26,149
13296,3,0,3,0,1544,1369,26,149
13297,10,0,5,5,1554,1374,26,154
13298,29,0,5,24,1583,1379,26,178
13299,3,0,1,2,1586,1380,26,180
13300,21,0,6,15,1607,1386,26,195
13301,10,0,19,-9,1617,1405,26,186
13302,27,0,13,14,1644,1418,26,200
13303,6,0,9,-3,1650,1427,26,197
13304,39,0,1,38,1689,1428,26,235
13305,18,0,22,-4,1707,1450,26,231
13306,10,0,0,10,1717,1450,26,241
13307,12,0,9,3,1729,1459,26,244
13308,30,1,5,24,1759,1464,27,268
13309,63,3,15,45,1822,1479,30,313
13310,7,0,2,5,1829,1481,30,318
13311,15,1,31,-17,1844,1512,31,301
13312,24,1,11,12,1868,1523,32,313
13313,9,1,1,7,1877,1524,33,320
13314,19,1,11,7,1896,1535,34,327
13315,18,0,6,12,1914,1541,34,339
13316,27,0,10,17,1941,1551,34,356
13317,13,2,1,10,1954,1552,36,366
13318,6,0,1,5,1960,1553,36,371
13319,24,0,13,11,1984,1566,36,382
13320,22,2,0,20,2006,1566,38,402
13321,4,1,4,-1,2010,1570,39,401
13322,10,1,9,0,2020,1579,40,401
13323,33,4,21,8,2053,1600,44,409
13324,47,1,19,27,2100,1619,45,436
13325,86,1,11,74,2186,1630,46,510
13326,99,2,23,74,2285,1653,48,584
13327,11,1,11,-1,2296,1664,49,583
13328,72,4,20,48,2368,1684,53,631
13329,18,1,5,12,2386,1689,54,643
13330,143,3,3,137,2529,1692,57,780
13331,2,0,1,1,2531,1693,57,781
13332,0,0,0,0,2531,1693,57,781
13333,0,1,12,-13,2531,1705,58,768
13334,0,0,12,-12,2531,1717,58,756
13335,16,0,0,16,2547,1717,58,772
13336,2,1,17,-16,2549,1734,59,756
13337,241,4,4,233,2790,1738,63,989
13338,104,1,81,22,2894,1819,64,1011
13339,203,2,13,188,3097,1832,66,1199
13340,68,0,29,39,3165,1861,66,1238
13341,47,0,21,26,3212,1882,66,1264
13342,61,2,9,50,3273,1891,68,1314
13343,57,3,15,39,3330,1906,71,1353
13344,108,2,27,79,3438,1933,73,1432
13345,79,1,32,46,3517,1965,74,1478
13346,116,3,26,87,3633,1991,77,1565
13347,99,3,111,-15,3732,2102,80,1550
13348,48,2,32,14,3780,2134,82,1564
13349,113,1,28,84,3893,2162,83,1648
13350,190,0,93,97,4083,2255,83,1745
13351,101,0,20,81,4184,2275,83,1826
13352,48,0,0,48,4232,2275,83,1874
13353,148,1,140,7,4380,2415,84,1881
13354,88,2,59,27,4468,2474,86,1908
13355,31,1,22,8,4499,2496,87,1916
13356,179,0,49,130,4678,2545,87,2046
13357,23,0,34,-11,4701,2579,87,2035
13358,27,1,60,-34,4728,2639,88,2001
13359,39,1,45,-7,4767,2684,89,1994
13360,95,1,102,-8,4862,2786,90,1986
13361,7,2,113,-108,4869,2899,92,1878
13362,14,0,12,2,4883,2911,92,1880
13363,38,1,30,7,4921,2941,93,1887
13364,73,1,36,36,4994,2977,94,1923
13365,31,0,39,-8,5025,3016,94,1915
13366,17,2,328,-313,5042,3344,96,1602
13367,29,2,56,-29,5071,3400,98,1573
13368,14,1,25,-12,5085,3425,99,1561
13369,6,0,26,-20,5091,3451,99,1541
13370,89,0,57,32,5180,3508,99,1573
13371,10,0,49,-39,5190,3557,99,1534
13372,7,2,30,-25,5197,3587,101,1509
13373,17,1,77,-61,5214,3664,102,1448
13374,6,0,43,-37,5220,3707,102,1411
13375,3,1,128,-126,5223,3835,103,1285
13376,11,1,104,-94,5234,3939,104,1191
13377,32,0,99,-67,5266,4038,104,1124
13378,2,1,51,-50,5268,4089,105,1074
13379,3,1,43,-41,5271,4132,106,1033
13380,14,0,52,-38,5285,4184,106,995
13381,4,2,87,-85,5289,4271,108,910
13382,7,1,31,-25,5296,4302,109,885
13383,3,0,24,-21,5299,4326,109,864
13384,6,0,10,-4,5305,4336,109,860
13385,0,0,28,-28,5305,4364,109,832
13386,8,0,8,0,5313,4372,109,832
13387,4,0,71,-67,5317,4443,109,765
13388,9,1,91,-83,5326,4534,110,682
13389,3,0,43,-40,5329,4577,110,642
13390,3,0,7,-4,5332,4584,110,638
13391,2,0,75,-73,5334,4659,110,565
13392,3,0,23,-20,5337,4682,110,545
13393,1,0,17,-16,5338,4699,110,529
13394,14,0,31,-17,5352,4730,110,512
13395,0,0,81,-81,5352,4811,110,431
13396,3,0,51,-48,5355,4862,110,383
13397,2,0,71,-69,5357,4933,110,314
13398,0,0,42,-42,5357,4975,110,272
13399,1,2,5,-6,5358,4980,112,266
13400,1,0,25,-24,5359,5005,112,242
13401,0,0,46,-46,5359,5051,112,196
13402,1,0,7,-6,5360,5058,112,190
13403,3,0,2,1,5363,5060,112,191
13404,1,0,49,-48,5364,5109,112,143
13405,0,0,7,-7,5364,5116,112,136
13406,1,1,3,-3,5365,5119,113,133
13407,1,0,4,-3,5366,5123,113,130
13408,3,0,4,-1,5369,5127,113,129
13409,1,0,0,1,5370,5127,113,130
13410,3,0,0,3,5373,5127,113,133
13411,0,0,9,-9,5373,5136,113,124
13412,1,1,11,-11,5374,5147,114,113
13413,1,0,29,-28,5375,5176,114,85
13414,3,0,29,-26,5378,5205,114,59
13415,6,0,6,0,5384,5211,114,59
13416,3,0,0,3,5387,5211,114,62
13417,0,0,1,-1,5387,5212,114,61
13418,3,1,1,1,5390,5213,115,62
13419,6,0,2,4,5396,5215,115,66
13420,1,1,0,0,5397,5215,116,66
13421,1,0,1,0,5398,5216,116,66
13422,4,1,5,-2,5402,5221,117,64
13423,1,0,1,0,5403,5222,117,64
13424,1,0,4,-3,5404,5226,117,61
13425,4,0,0,4,5408,5226,117,65
13426,6,0,1,5,5414,5227,117,70
13427,10,0,0,10,5424,5227,117,80
13428,7,0,1,6,5431,5228,117,86
13429,2,0,4,-2,5433,5232,117,84
13430,3,0,1,2,5436,5233,117,86
13431,6,0,9,-3,5442,5242,117,83
13432,0,1,1,-2,5442,5243,118,81
13433,1,0,8,-7,5443,5251,118,74
13434,4,0,1,3,5447,5252,118,77
13435,0,0,0,0,5447,5252,118,77
13436,0,0,1,-1,5447,5253,118,76
13437,3,0,0,3,5450,5253,118,79
13438,22,1,6,15,5472,5259,119,94
13439,2,0,4,-2,5474,5263,119,92
13440,0,0,7,-7,5474,5270,119,85
13441,1,0,3,-2,5475,5273,119,83
13442,0,0,8,-8,5475,5281,119,75
13443,1,0,2,-1,5476,5283,119,74
13444,0,0,2,-2,5476,5285,119,72
13445,3,0,7,-4,5479,5292,119,68
13446,2,0,2,0,5481,5294,119,68
13447,3,0,0,3,5484,5294,119,71
13448,2,1,1,0,5486,5295,120,71
13449,0,0,0,0,5486,5295,120,71
13450,0,0,0,0,5486,5295,120,71
13451,5,0,20,-15,5491,5315,120,56
13452,0,0,0,0,5491,5315,120,56
13453,3,0,3,0,5494,5318,120,56
13454,2,0,13,-11,5496,5331,120,45
13455,0,0,0,0,5496,5331,120,45
13456,0,0,1,-1,5496,5332,120,44
13457,1,0,6,-5,5497,5338,120,39
13458,1,0,3,-2,5498,5341,120,37
13459,0,0,3,-3,5498,5344,120,34
13460,0,0,3,-3,5498,5347,120,31
13461,0,0,7,-7,5498,5354,120,24
13462,0,0,0,0,5498,5354,120,24
13463,0,0,0,0,5498,5354,120,24
13464,3,0,1,2,5501,5355,120,26
13465,0,0,1,-1,5501,5356,120,25
13466,0,0,4,-4,5501,5360,120,21
13467,0,0,0,0,5501,5360,120,21
13468,0,0,0,0,5501,5360,120,21
13469,8,1,1,6,5509,5361,121,27
13470,9,0,0,9,5518,5361,121,36
13471,49,0,4,45,5567,5365,121,81
13472,10,0,0,10,5577,5365,121,91
13473,2,0,0,2,5579,5365,121,93
13474,0,0,1,-1,5579,5366,121,92
13475,1,0,2,-1,5580,5368,121,91
13476,13,0,0,13,5593,5368,121,104
13477,5,0,7,-2,5598,5375,121,102
13478,2,0,1,1,5600,5376,121,103
13479,13,0,7,6,5613,5383,121,109
13480,0,0,19,-19,5613,5402,121,90
13481,2,0,3,-1,5615,5405,121,89
13482,4,0,0,4,5619,5405,121,93
13483,2,0,1,1,5621,5406,121,94
13484,6,0,10,-4,5627,5416,121,90
13485,4,0,21,-17,5631,5437,121,73
13486,5,0,4,1,5636,5441,121,74
13487,26,0,4,22,5662,5445,121,96
13488,2,0,0,2,5664,5445,121,98
13489,3,0,0,3,5667,5445,121,101
13490,47,0,12,35,5714,5457,121,136
13491,13,0,1,12,5727,5458,121,148
13492,5,0,1,4,5732,5459,121,152
13493,2,0,1,1,5734,5460,121,153
13494,32,0,0,32,5766,5460,121,185
13495,19,0,4,15,5785,5464,121,200
13496,8,1,11,-4,5793,5475,122,196
13497,39,0,23,16,5832,5498,122,212
13498,101,0,7,94,5933,5505,122,306
13499,26,0,16,10,5959,5521,122,316
13500,20,0,6,14,5979,5527,122,330
13501,64,1,14,49,6043,5541,123,379
13502,22,1,1,20,6065,5542,124,399
13503,45,1,0,44,6110,5542,125,443
13504,62,1,26,35,6172,5568,126,478
13505,45,1,4,40,6217,5572,127,518
13506,34,0,23,11,6251,5595,127,529
13507,63,2,36,25,6314,5631,129,554
13508,80,1,23,56,6394,5654,130,610
13509,3,1,15,-13,6397,5669,131,597
13510,72,1,38,33,6469,5707,132,630
13511,33,3,8,22,6502,5715,135,652
13512,118,0,39,79,6620,5754,135,731
13513,134,1,25,108,6754,5779,136,839
13514,75,0,32,43,6829,5811,136,882
13515,90,1,30,59,6919,5841,137,941
13516,62,3,37,22,6981,5878,140,963
13517,132,3,65,64,7113,5943,143,1027
13518,71,1,79,-9,7184,6022,144,1018
13519,151,3,68,80,7335,6090,147,1098
13520,77,2,45,30,7412,6135,149,1128
13521,141,2,34,105,7553,6169,151,1233
13522,102,0,60,42,7655,6229,151,1275
13523,100,4,64,32,7755,6293,155,1307
13524,146,2,112,32,7901,6405,157,1339
13525,79,1,53,25,7980,6458,158,1364
13526,99,3,72,24,8079,6530,161,1388
13527,123,5,60,58,8202,6590,166,1446
13528,169,4,75,90,8371,6665,170,1536
13529,154,3,63,88,8525,6728,173,1624
13530,80,4,39,37,8605,6767,177,1661
13531,116,4,100,12,8721,6867,181,1673
13532,169,2,110,57,8890,6977,183,1730
13533,174,3,168,3,9064,7145,186,1733
13534,143,2,109,32,9207,7254,188,1765
13535,88,1,97,-10,9295,7351,189,1755
13536,55,5,82,-32,9350,7433,194,1723
13537,62,6,105,-49,9412,7538,200,1674
13538,224,4,162,58,9636,7700,204,1732
13539,220,6,122,92,9856,7822,210,1824
13540,121,2,134,-15,9977,7956,212,1809
13541,222,6,136,80,10199,8092,218,1889
13542,171,6,126,39,10370,8218,224,1928
13543,100,2,122,-24,10470,8340,226,1904
13544,66,3,82,-19,10536,8422,229,1885
13545,156,2,175,-21,10692,8597,231,1864
13546,54,8,140,-94,10746,8737,239,1770
13547,1,0,0,1,1,0,0,1
13548,0,0,0,0,1,0,0,1
13549,0,0,0,0,1,0,0,1
13550,0,0,0,0,1,0,0,1
13551,0,0,0,0,1,0,0,1
13552,0,0,0,0,1,0,0,1
13553,0,0,0,0,1,0,0,1
13554,0,0,0,0,1,0,0,1
13555,0,0,0,0,1,0,0,1
13556,0,0,0,0,1,0,0,1
13557,1,0,0,1,2,0,0,2
13558,0,0,0,0,2,0,0,2
13559,0,0,0,0,2,0,0,2
13560,0,0,0,0,2,0,0,2
13561,0,0,0,0,2,0,0,2
13562,0,0,0,0,2,0,0,2
13563,0,0,0,0,2,0,0,2
13564,0,0,0,0,2,0,0,2
13565,0,0,0,0,2,0,0,2
13566,0,0,0,0,2,0,0,2
13567,0,0,0,0,2,0,0,2
13568,0,0,0,0,2,0,0,2
13569,2,0,0,2,4,0,0,4
13570,0,0,0,0,4,0,0,4
13571,0,0,0,0,4,0,0,4
13572,1,0,0,1,5,0,0,5
13573,1,0,0,1,6,0,0,6
13574,1,0,0,1,7,0,0,7
13575,1,0,0,1,8,0,0,8
13576,0,0,1,-1,8,1,0,7
13577,0,0,0,0,8,1,0,7
13578,0,0,0,0,8,1,0,7
13579,5,0,0,5,13,1,0,12
13580,0,0,0,0,13,1,0,12
13581,1,0,0,1,14,1,0,13
13582,4,0,0,4,18,1,0,17
13583,3,0,0,3,21,1,0,20
13584,11,0,0,11,32,1,0,31
13585,0,0,0,0,32,1,0,31
13586,0,0,0,0,32,1,0,31
13587,0,0,0,0,32,1,0,31
13588,0,0,0,0,32,1,0,31
13589,0,0,0,0,32,1,0,31
13590,0,0,0,0,32,1,0,31
13591,6,0,0,6,38,1,0,37
13592,0,0,0,0,38,1,0,37
13593,5,0,0,5,43,1,0,42
13594,4,0,0,4,47,1,0,46
13595,0,0,0,0,47,1,0,46
13596,0,0,0,0,47,1,0,46
13597,15,0,2,13,62,3,0,59
13598,2,0,0,2,64,3,0,61
13599,1,0,0,1,65,3,0,62
13600,0,0,0,0,65,3,0,62
13601,0,0,0,0,65,3,0,62
13602,1,0,0,1,66,3,0,63
13603,3,0,0,3,69,3,0,66
13604,10,0,1,9,79,4,0,75
13605,1,0,0,1,80,4,0,76
13606,1,0,0,1,81,4,0,77
13607,3,0,0,3,84,4,0,80
13608,5,0,2,3,89,6,0,83
13609,0,0,2,-2,89,8,0,81
13610,2,0,0,2,91,8,0,83
13611,0,0,5,-5,91,13,0,78
13612,4,0,2,2,95,15,0,80
13613,2,0,0,2,97,15,0,82
13614,0,0,0,0,97,15,0,82
13615,0,0,0,0,97,15,0,82
13616,0,0,0,0,97,15,0,82
13617,0,0,0,0,97,15,0,82
13618,0,0,0,0,97,15,0,82
13619,0,0,0,0,97,15,0,82
13620,0,0,5,-5,97,20,0,77
13621,0,0,0,0,97,20,0,77
13622,0,0,7,-7,97,27,0,70
13623,2,0,0,2,99,27,0,72
13624,2,0,0,2,101,27,0,74
13625,2,0,0,2,103,27,0,76
13626,0,0,0,0,103,27,0,76
13627,0,0,0,0,103,27,0,76
13628,0,0,0,0,103,27,0,76
13629,2,0,0,2,105,27,0,78
13630,0,0,0,0,105,27,0,78
13631,1,0,0,1,106,27,0,79
13632,2,0,10,-8,108,37,0,71
13633,0,0,0,0,108,37,0,71
13634,0,0,0,0,108,37,0,71
13635,0,0,8,-8,108,45,0,63
13636,1,0,0,1,109,45,0,64
13637,0,0,0,0,109,45,0,64
13638,3,0,1,2,112,46,0,66
13639,0,0,0,0,112,46,0,66
13640,0,0,0,0,112,46,0,66
13641,0,0,0,0,112,46,0,66
13642,2,0,20,-18,114,66,0,48
13643,0,0,0,0,114,66,0,48
13644,0,1,0,-1,114,66,1,47
13645,0,0,0,0,114,66,1,47
13646,3,0,3,0,117,69,1,47
13647,0,0,0,0,117,69,1,47
13648,0,0,0,0,117,69,1,47
13649,0,0,0,0,117,69,1,47
13650,0,0,8,-8,117,77,1,39
13651,0,0,0,0,117,77,1,39
13652,0,0,0,0,117,77,1,39
13653,0,0,0,0,117,77,1,39
13654,3,1,4,-2,120,81,2,37
13655,0,0,0,0,120,81,2,37
13656,1,0,0,1,121,81,2,38
13657,0,0,0,0,121,81,2,38
13658,1,0,0,1,122,81,2,39
13659,0,0,3,-3,122,84,2,36
13660,0,0,0,0,122,84,2,36
13661,0,0,9,-9,122,93,2,27
13662,0,1,0,-1,122,93,3,26
13663,2,0,0,2,124,93,3,28
13664,1,0,2,-1,125,95,3,27
13665,0,0,0,0,125,95,3,27
13666,1,0,3,-2,126,98,3,25
13667,6,0,3,3,132,101,3,28
13668,0,0,3,-3,132,104,3,25
13669,0,0,0,0,132,104,3,25
13670,2,0,0,2,134,104,3,27
13671,2,0,3,-1,136,107,3,26
13672,0,0,3,-3,136,110,3,23
13673,2,0,1,1,138,111,3,24
13674,1,0,1,0,139,112,3,24
13675,0,0,0,0,139,112,3,24
13676,0,0,0,0,139,112,3,24
13677,0,0,1,-1,139,113,3,23
13678,15,2,2,11,154,115,5,34
13679,2,0,0,2,156,115,5,36
13680,6,0,0,6,162,115,5,42
13681,6,0,0,6,168,115,5,48
13682,1,0,0,1,169,115,5,49
13683,0,0,0,0,169,115,5,49
13684,19,0,1,18,188,116,5,67
13685,5,0,0,5,193,116,5,72
13686,0,0,0,0,193,116,5,72
13687,12,0,1,11,205,117,5,83
13688,5,0,0,5,210,117,5,88
13689,0,0,1,-1,210,118,5,87
13690,0,0,0,0,210,118,5,87
13691,0,0,0,0,210,118,5,87
13692,5,0,1,4,215,119,5,91
13693,0,0,0,0,215,119,5,91
13694,7,0,1,6,222,120,5,97
13695,3,0,1,2,225,121,5,99
13696,0,0,0,0,225,121,5,99
13697,20,0,1,19,245,122,5,118
13698,0,0,0,0,245,122,5,118
13699,5,0,4,1,250,126,5,119
13700,0,0,0,0,250,126,5,119
13701,21,1,4,16,271,130,6,135
13702,3,0,1,2,274,131,6,137
13703,0,0,0,0,274,131,6,137
13704,0,0,0,0,274,131,6,137
13705,7,0,2,5,281,133,6,142
13706,8,0,4,4,289,137,6,146
13707,7,0,0,7,296,137,6,153
13708,6,0,6,0,302,143,6,153
13709,0,0,6,-6,302,149,6,147
13710,0,0,0,0,302,149,6,147
13711,0,0,7,-7,302,156,6,140
13712,0,0,0,0,302,156,6,140
13713,1,0,0,1,303,156,6,141
13714,0,0,1,-1,303,157,6,140
13715,1,0,13,-12,304,170,6,128
13716,0,0,11,-11,304,181,6,117
13717,0,0,0,0,304,181,6,117
13718,0,0,0,0,304,181,6,117
13719,0,0,0,0,304,181,6,117
13720,4,0,6,-2,308,187,6,115
13721,1,1,25,-25,309,212,7,90
13722,5,1,10,-6,314,222,8,84
13723,5,0,7,-2,319,229,8,82
13724,2,0,4,-2,321,233,8,80
13725,0,0,0,0,321,233,8,80
13726,10,0,0,10,331,233,8,90
13727,14,0,8,6,345,241,8,96
13728,6,1,8,-3,351,249,9,93
13729,7,0,3,4,358,252,9,97
13730,14,0,2,12,372,254,9,109
13731,14,0,1,13,386,255,9,122
13732,0,0,1,-1,386,256,9,121
13733,0,0,0,0,386,256,9,121
13734,9,0,4,5,395,260,9,126
13735,4,0,2,2,399,262,9,128
13736,10,0,1,9,409,263,9,137
13737,16,1,0,15,425,263,10,152
13738,21,0,2,19,446,265,10,171
13739,21,0,0,21,467,265,10,192
13740,23,2,0,21,490,265,12,213
13741,23,0,0,23,513,265,12,236
13742,21,0,3,18,534,268,12,254
13743,24,3,5,16,558,273,15,270
13744,13,0,3,10,571,276,15,280
13745,22,0,5,17,593,281,15,297
13746,25,0,5,20,618,286,15,317
13747,29,0,7,22,647,293,15,339
13748,23,0,10,13,670,303,15,352
13749,46,0,1,45,716,304,15,397
13750,45,2,5,38,761,309,17,435
13751,30,0,1,29,791,310,17,464
13752,21,2,6,13,812,316,19,477
13753,13,0,0,13,825,316,19,490
13754,38,0,2,36,863,318,19,526
13755,30,0,0,30,893,318,19,556
13756,23,0,3,20,916,321,19,576
13757,26,0,20,6,942,341,19,582
13758,26,0,27,-1,968,368,19,581
13759,14,0,0,14,982,368,19,595
13760,6,1,3,2,988,371,20,597
13761,39,2,9,28,1027,380,22,625
13762,22,0,0,22,1049,380,22,647
13763,19,0,39,-20,1068,419,22,627
13764,24,0,6,18,1092,425,22,645
13765,26,0,22,4,1118,447,22,649
13766,22,0,54,-32,1140,501,22,617
13767,9,1,19,-11,1149,520,23,606
13768,7,1,22,-16,1156,542,24,590
13769,32,1,32,-1,1188,574,25,589
13770,31,0,19,12,1219,593,25,601
13771,11,0,14,-3,1230,607,25,598
13772,0,0,12,-12,1230,619,25,586
13773,0,0,0,0,1230,619,25,586
13774,0,0,0,0,1230,619,25,586
13775,7,0,29,-22,1237,648,25,564
13776,5,0,7,-2,1242,655,25,562
13777,10,0,22,-12,1252,677,25,550
13778,15,0,17,-2,1267,694,25,548
13779,18,0,20,-2,1285,714,25,546
13780,41,0,30,11,1326,744,25,557
13781,36,0,35,1,1362,779,25,558
13782,11,0,50,-39,1373,829,25,519
13783,11,1,31,-21,1384,860,26,498
13784,15,2,31,-18,1399,891,28,480
13785,20,1,20,-1,1419,911,29,479
13786,19,2,20,-3,1438,931,31,476
13787,16,0,43,-27,1454,974,31,449
13788,0,0,11,-11,1454,985,31,438
13789,10,2,7,1,1464,992,33,439
13790,27,0,37,-10,1491,1029,33,429
13791,40,1,45,-6,1531,1074,34,423
13792,45,0,40,5,1576,1114,34,428
13793,44,1,32,11,1620,1146,35,439
13794,29,1,0,28,1649,1146,36,467
13795,0,0,28,-28,1649,1174,36,439
13796,41,1,8,32,1690,1182,37,471
13797,45,0,45,0,1735,1227,37,471
13798,39,0,4,35,1774,1231,37,506
13799,46,1,39,6,1820,1270,38,512
13800,47,0,5,42,1867,1275,38,554
13801,46,0,33,13,1913,1308,38,567
13802,30,0,22,8,1943,1330,38,575
13803,50,0,47,3,1993,1377,38,578
13804,81,0,44,37,2074,1421,38,615
13805,94,2,21,71,2168,1442,40,686
13806,55,0,0,55,2223,1442,40,741
13807,113,0,23,90,2336,1465,40,831
13808,19,2,1,16,2355,1466,42,847
13809,0,0,13,-13,2355,1479,42,834
13810,77,1,15,61,2432,1494,43,895
13811,70,0,5,65,2502,1499,43,960
13812,32,0,0,32,2534,1499,43,992
13813,39,3,6,30,2573,1505,46,1022
13814,63,0,30,33,2636,1535,46,1055
13815,66,2,25,39,2702,1560,48,1094
13816,0,0,0,0,2702,1560,48,1094
13817,50,0,62,-12,2752,1622,48,1082
13818,23,0,39,-16,2775,1661,48,1066
13819,72,0,90,-18,2847,1751,48,1048
13820,20,1,69,-50,2867,1820,49,998
13821,34,0,39,-5,2901,1859,49,993
13822,35,0,9,26,2936,1868,49,1019
13823,19,1,47,-29,2955,1915,50,990
13824,36,0,63,-27,2991,1978,50,963
13825,39,2,12,25,3030,1990,52,988
13826,38,0,56,-18,3068,2046,52,970
13827,28,0,41,-13,3096,2087,52,957
13828,0,1,47,-48,3096,2134,53,909
13829,20,0,25,-5,3116,2159,53,904
13830,11,0,35,-24,3127,2194,53,880
13831,30,2,16,12,3157,2210,55,892
13832,35,0,58,-23,3192,2268,55,869
13833,35,1,50,-16,3227,2318,56,853
13834,36,0,34,2,3263,2352,56,855
13835,33,1,29,3,3296,2381,57,858
13836,26,1,1,24,3322,2382,58,882
13837,14,0,15,-1,3336,2397,58,881
13838,20,0,43,-23,3356,2440,58,858
13839,41,0,29,12,3397,2469,58,870
13840,57,0,48,9,3454,2517,58,879
13841,72,0,33,39,3526,2550,58,918
13842,44,0,42,2,3570,2592,58,920
13843,31,1,17,13,3601,2609,59,933
13844,14,0,10,4,3615,2619,59,937
13845,34,0,12,22,3649,2631,59,959
13846,78,1,17,60,3727,2648,60,1019
13847,80,0,1,79,3807,2649,60,1098
13848,51,0,39,12,3858,2688,60,1110
13849,36,2,3,31,3894,2691,62,1141
13850,52,0,60,-8,3946,2751,62,1133
13851,29,0,4,25,3975,2755,62,1158
13852,49,0,5,44,4024,2760,62,1202
13853,32,0,35,-3,4056,2795,62,1199
13854,71,0,18,53,4127,2813,62,1252
13855,62,1,49,12,4189,2862,63,1264
13856,36,0,12,24,4225,2874,63,1288
13857,38,0,64,-26,4263,2938,63,1262
13858,26,0,7,19,4289,2945,63,1281
13859,39,0,33,6,4328,2978,63,1287
13860,60,1,67,-8,4388,3045,64,1279
13861,65,0,46,19,4453,3091,64,1298
13862,46,0,51,-5,4499,3142,64,1293
13863,44,0,30,14,4543,3172,64,1307
13864,37,1,36,0,4580,3208,65,1307
13865,0,0,0,0,4580,3208,65,1307
13866,53,0,26,27,4633,3234,65,1334
13867,60,0,6,54,4693,3240,65,1388
13868,48,0,15,33,4741,3255,65,1421
13869,56,4,130,-78,4797,3385,69,1343
13870,37,0,71,-34,4834,3456,69,1309
13871,25,0,32,-7,4859,3488,69,1302
13872,2,0,11,-9,4861,3499,69,1293
13873,22,0,21,1,4883,3520,69,1294
13874,45,0,80,-35,4928,3600,69,1259
13875,33,0,41,-8,4961,3641,69,1251
13876,30,0,21,9,4991,3662,69,1260
13877,33,0,3,30,5024,3665,69,1290
13878,34,0,22,12,5058,3687,69,1302
13879,9,0,16,-7,5067,3703,69,1295
13880,24,0,0,24,5091,3703,69,1319
13881,22,0,3,19,5113,3706,69,1338
13882,55,2,50,3,5168,3756,71,1341
13883,10,0,27,-17,5178,3783,71,1324
13884,20,0,38,-18,5198,3821,71,1306
13885,21,1,24,-4,5219,3845,72,1302
13886,20,0,21,-1,5239,3866,72,1301
13887,26,0,22,4,5265,3888,72,1305
13888,56,0,48,8,5321,3936,72,1313
13889,28,1,39,-12,5349,3975,73,1301
13890,24,1,39,-16,5373,4014,74,1285
13891,83,0,40,43,5456,4054,74,1328
13892,32,0,35,-3,5488,4089,74,1325
13893,1,0,43,-42,5489,4132,74,1283
13894,45,0,0,45,5534,4132,74,1328
13895,9,0,62,-53,5543,4194,74,1275
13896,44,0,21,23,5587,4215,74,1298
13897,7,2,23,-18,5594,4238,76,1280
13898,17,0,45,-28,5611,4283,76,1252
13899,20,1,15,4,5631,4298,77,1256
13900,6,0,9,-3,5637,4307,77,1253
13901,20,1,42,-23,5657,4349,78,1230
13902,18,0,48,-30,5675,4397,78,1200
13903,9,0,13,-4,5684,4410,78,1196
13904,29,0,2,27,5713,4412,78,1223
13905,21,1,45,-25,5734,4457,79,1198
13906,0,0,23,-23,5734,4480,79,1175
13907,5,0,32,-27,5739,4512,79,1148
13908,36,0,54,-18,5775,4566,79,1130
13909,25,0,10,15,5800,4576,79,1145
13910,35,2,85,-52,5835,4661,81,1093
13911,32,2,88,-58,5867,4749,83,1035
13912,25,6,76,-57,5892,4825,89,978
13913,22,0,16,6,5914,4841,89,984
13914,14,0,31,-17,5928,4872,89,967
13915,19,0,27,-8,5947,4899,89,959
13916,24,0,10,14,5971,4909,89,973
13917,48,0,2,46,6019,4911,89,1019
13918,15,2,10,3,6034,4921,91,1022
13919,45,1,27,17,6079,4948,92,1039
13920,53,0,12,41,6132,4960,92,1080
13921,46,2,33,11,6178,4993,94,1091
13922,20,0,15,5,6198,5008,94,1096
13923,27,0,77,-50,6225,5085,94,1046
13924,62,0,16,46,6287,5101,94,1092
13925,42,0,10,32,6329,5111,94,1124
13926,32,1,26,5,6361,5137,95,1129
13927,23,0,17,6,6384,5154,95,1135
13928,21,0,15,6,6405,5169,95,1141
13929,60,0,36,24,6465,5205,95,1165
13930,47,1,26,20,6512,5231,96,1185
13931,50,0,27,23,6562,5258,96,1208
13932,50,0,28,22,6612,5286,96,1230
13933,8,0,42,-34,6620,5328,96,1196
13934,20,1,9,10,6640,5337,97,1206
13935,5,0,8,-3,6645,5345,97,1203
13936,40,0,54,-14,6685,5399,97,1189
13937,51,0,32,19,6736,5431,97,1208
13938,49,0,70,-21,6785,5501,97,1187
13939,53,0,45,8,6838,5546,97,1195
13940,68,2,43,23,6906,5589,99,1218
13941,48,0,25,23,6954,5614,99,1241
13942,25,1,30,-6,6979,5644,100,1235
13943,74,2,42,30,7053,5686,102,1265
13944,56,0,26,30,7109,5712,102,1295
13945,87,2,41,44,7196,5753,104,1339
13946,43,1,78,-36,7239,5831,105,1303
13947,65,0,67,-2,7304,5898,105,1301
13948,29,0,19,10,7333,5917,105,1311
13949,42,2,50,-10,7375,5967,107,1301
13950,32,2,20,10,7407,5987,109,1311
13951,97,1,52,44,7504,6039,110,1355
13952,92,1,97,-6,7596,6136,111,1349
13953,74,0,29,45,7670,6165,111,1394
13954,60,3,50,7,7730,6215,114,1401
13955,78,2,33,43,7808,6248,116,1444
13956,82,1,44,37,7890,6292,117,1481
13957,50,3,63,-16,7940,6355,120,1465
13958,102,2,63,37,8042,6418,122,1502
13959,84,2,45,37,8126,6463,124,1539
13960,87,9,93,-15,8213,6556,133,1524
13961,88,3,37,48,8301,6593,136,1572
13962,75,0,62,13,8376,6655,136,1585
13963,71,1,65,5,8447,6720,137,1590
13964,64,1,58,5,8511,6778,138,1595
13965,60,0,57,3,8571,6835,138,1598
13966,14,0,20,-6,8585,6855,138,1592
13967,64,2,39,23,8649,6894,140,1615
13968,0,1,69,-70,8649,6963,141,1545
13969,22,1,22,-1,8671,6985,142,1544
13970,21,0,48,-27,8692,7033,142,1517
13971,5,0,61,-56,8697,7094,142,1461
13972,45,1,58,-14,8742,7152,143,1447
13973,83,6,46,31,8825,7198,149,1478
13974,67,2,44,21,8892,7242,151,1499
13975,63,4,57,2,8955,7299,155,1501
13976,55,6,99,-50,9010,7398,161,1451
13977,76,0,61,15,9086,7459,161,1466
13978,59,3,65,-9,9145,7524,164,1457
13979,77,0,76,1,9222,7600,164,1458
13980,74,2,20,52,9296,7620,166,1510
13981,63,0,146,-83,9359,7766,166,1427
13982,79,6,46,27,9438,7812,172,1454
13983,90,8,1,81,9528,7813,180,1535
13984,84,3,4,77,9612,7817,183,1612
13985,66,1,66,-1,9678,7883,184,1611
13986,86,1,30,55,9764,7913,185,1666
13987,66,0,59,7,9830,7972,185,1673
13988,85,2,79,4,9915,8051,187,1677
13989,81,3,34,44,9996,8085,190,1721
13990,108,2,61,45,10104,8146,192,1766
13991,126,2,58,66,10230,8204,194,1832
13992,148,2,77,69,10378,8281,196,1901
13993,136,1,61,74,10514,8342,197,1975
13994,132,0,51,81,10646,8393,197,2056
13995,91,4,142,-55,10737,8535,201,2001
13996,145,1,195,-51,10882,8730,202,1950
13997,133,1,238,-106,11015,8968,203,1844
13998,104,3,154,-53,11119,9122,206,1791
13999,128,1,58,69,11247,9180,207,1860
14000,124,2,86,36,11371,9266,209,1896
14001,132,3,87,42,11503,9353,212,1938
14002,157,2,106,49,11660,9459,214,1987
14003,146,5,213,-72,11806,9672,219,1915
14004,105,4,139,-38,11911,9811,223,1877
14005,119,7,69,43,12030,9880,230,1920
14006,141,3,140,-2,12171,10020,233,1918
14007,103,1,90,12,12274,10110,234,1930
14008,43,2,131,-90,12317,10241,236,1840
14009,152,5,147,0,12469,10388,241,1840
14010,68,1,156,-89,12537,10544,242,1751
14011,48,1,53,-6,12585,10597,243,1745
14012,46,4,166,-124,12631,10763,247,1621
14013,123,4,139,-20,12754,10902,251,1601
14014,107,3,98,6,12861,11000,254,1607
14015,101,1,55,45,12962,11055,255,1652
14016,183,8,139,36,13145,11194,263,1688
14017,56,3,75,-22,13201,11269,266,1666
14018,131,7,81,43,13332,11350,273,1709
14019,121,2,100,19,13453,11450,275,1728
14020,58,2,142,-86,13511,11592,277,1642
14021,106,4,44,58,13617,11636,281,1700
14022,132,1,136,-5,13749,11772,282,1695
14023,186,2,118,66,13935,11890,284,1761
14024,134,6,86,42,14069,11976,290,1803
14025,147,6,259,-118,14216,12235,296,1685
14026,39,4,114,-79,14255,12349,300,1606
14027,352,1,38,313,14607,12387,301,1919
14028,400,1,45,354,15007,12432,302,2273
14029,389,2,91,296,15396,12523,304,2569
14030,303,4,126,173,15699,12649,308,2742
14031,302,2,55,245,16001,12704,310,2987
14032,442,7,151,284,16443,12855,317,3271
14033,207,1,101,105,16650,12956,318,3376
14034,222,4,50,168,16872,13006,322,3544
14035,14,6,197,-189,16886,13203,328,3355
14036,359,10,21,328,17245,13224,338,3683
14037,465,7,35,423,17710,13259,345,4106
14038,396,8,57,331,18106,13316,353,4437
14039,192,9,51,132,18298,13367,362,4569
14040,105,7,159,-61,18403,13526,369,4508
14041,226,7,180,39,18629,13706,376,4547
14042,567,5,213,349,19196,13919,381,4896
14043,385,16,244,125,19581,14163,397,5021
14044,374,10,222,142,19955,14385,407,5163
14045,300,9,189,102,20255,14574,416,5265
14046,414,7,136,271,20669,14710,423,5536
14047,63,4,276,-217,20732,14986,427,5319
14048,435,7,134,294,21167,15120,434,5613
14049,387,26,398,-37,21554,15518,460,5576
14050,352,12,336,4,21906,15854,472,5580
14051,369,23,788,-442,22275,16642,495,5138
14052,320,9,434,-123,22595,17076,504,5015
14053,261,3,251,7,22856,17327,507,5022
14054,28,10,263,-245,22884,17590,517,4777
14055,453,7,167,279,23337,17757,524,5056
14056,457,11,322,124,23794,18079,535,5180
14057,100,6,545,-451,23894,18624,541,4729
14058,400,11,450,-61,24294,19074,552,4668
14059,414,10,236,168,24708,19310,562,4836
14060,375,8,306,61,25083,19616,570,4897
14061,173,7,235,-69,25256,19851,577,4828
14062,350,6,376,-32,25606,20227,583,4796
14063,121,8,676,-563,25727,20903,591,4233
14064,1,0,0,1,1,0,0,1
14065,0,0,0,0,1,0,0,1
14066,0,0,0,0,1,0,0,1
14067,0,0,0,0,1,0,0,1
14068,0,0,0,0,1,0,0,1
14069,0,0,0,0,1,0,0,1
14070,0,0,0,0,1,0,0,1
14071,0,0,0,0,1,0,0,1
14072,0,0,0,0,1,0,0,1
14073,0,0,0,0,1,0,0,1
14074,0,0,0,0,1,0,0,1
14075,0,0,0,0,1,0,0,1
14076,0,0,0,0,1,0,0,1
14077,0,0,0,0,1,0,0,1
14078,0,0,0,0,1,0,0,1
14079,0,0,0,0,1,0,0,1
14080,1,0,0,1,2,0,0,2
14081,0,0,1,-1,2,1,0,1
14082,0,0,0,0,2,1,0,1
14083,0,0,0,0,2,1,0,1
14084,0,0,0,0,2,1,0,1
14085,0,0,0,0,2,1,0,1
14086,0,0,0,0,2,1,0,1
14087,2,0,1,1,4,2,0,2
14088,0,0,0,0,4,2,0,2
14089,0,0,0,0,4,2,0,2
14090,0,0,0,0,4,2,0,2
14091,0,0,0,0,4,2,0,2
14092,0,0,0,0,4,2,0,2
14093,0,0,0,0,4,2,0,2
14094,8,0,0,8,12,2,0,10
14095,2,0,0,2,14,2,0,12
14096,0,0,0,0,14,2,0,12
14097,0,0,1,-1,14,3,0,11
14098,12,0,0,12,26,3,0,23
14099,0,0,0,0,26,3,0,23
14100,0,0,1,-1,26,4,0,22
14101,0,0,0,0,26,4,0,22
14102,14,0,0,14,40,4,0,36
14103,1,0,0,1,41,4,0,37
14104,0,0,0,0,41,4,0,37
14105,9,0,2,7,50,6,0,44
14106,0,0,0,0,50,6,0,44
14107,0,0,0,0,50,6,0,44
14108,0,0,0,0,50,6,0,44
14109,0,0,0,0,50,6,0,44
14110,0,0,3,-3,50,9,0,41
14111,4,0,0,4,54,9,0,45
14112,0,0,0,0,54,9,0,45
14113,0,0,0,0,54,9,0,45
14114,0,0,0,0,54,9,0,45
14115,23,3,0,20,77,9,3,65
14116,4,0,3,1,81,12,3,66
14117,4,1,1,2,85,13,4,68
14118,3,0,0,3,88,13,4,71
14119,4,0,0,4,92,13,4,75
14120,1,0,0,1,93,13,4,76
14121,2,0,0,2,95,13,4,78
14122,1,0,0,1,96,13,4,79
14123,1,0,0,1,97,13,4,80
14124,2,0,0,2,99,13,4,82
14125,0,0,0,0,99,13,4,82
14126,1,1,0,0,100,13,5,82
14127,7,0,0,7,107,13,5,89
14128,11,1,4,6,118,17,6,95
14129,1,0,4,-3,119,21,6,92
14130,9,1,0,8,128,21,7,100
14131,11,0,0,11,139,21,7,111
14132,7,0,6,1,146,27,7,112
14133,7,3,0,4,153,27,10,116
14134,7,3,2,2,160,29,13,118
14135,14,1,0,13,174,29,14,131
14136,2,1,1,0,176,30,15,131
14137,1,2,0,-1,177,30,17,130
14138,1,0,0,1,178,30,17,131
14139,7,0,3,4,185,33,17,135
14140,1,0,0,1,186,33,17,136
14141,0,0,0,0,186,33,17,136
14142,28,0,0,28,214,33,17,164
14143,13,0,4,9,227,37,17,173
14144,35,5,2,28,262,39,22,201
14145,22,0,1,21,284,40,22,222
14146,17,0,0,17,301,40,22,239
14147,8,0,8,0,309,48,22,239
14148,2,0,0,2,311,48,22,241
14149,3,0,0,3,314,48,22,244
14150,7,0,0,7,321,48,22,251
14151,21,0,1,20,342,49,22,271
14152,40,0,2,38,382,51,22,309
14153,17,0,5,12,399,56,22,321
14154,11,0,0,11,410,56,22,332
14155,20,2,14,4,430,70,24,336
14156,33,1,12,20,463,82,25,356
14157,96,0,6,90,559,88,25,446
14158,77,3,1,73,636,89,28,519
14159,34,2,8,24,670,97,30,543
14160,37,0,2,35,707,99,30,578
14161,11,0,4,7,718,103,30,585
14162,0,0,0,0,718,103,30,585
14163,9,0,2,7,727,105,30,592
14164,140,0,7,133,867,112,30,725
14165,68,0,5,63,935,117,30,788
14166,10,1,2,7,945,119,31,795
14167,3,0,4,-1,948,123,31,794
14168,0,0,0,0,948,123,31,794
14169,0,0,0,0,948,123,31,794
14170,14,0,1,13,962,124,31,807
14171,70,0,4,66,1032,128,31,873
14172,73,2,2,69,1105,130,33,942
14173,24,0,1,23,1129,131,33,965
14174,23,0,0,23,1152,131,33,988
14175,8,4,1,3,1160,132,37,991
14176,13,1,4,8,1173,136,38,999
14177,2,0,4,-2,1175,140,38,997
14178,39,0,3,36,1214,143,38,1033
14179,27,0,4,23,1241,147,38,1056
14180,11,0,5,6,1252,152,38,1062
14181,33,0,23,10,1285,175,38,1072
14182,8,0,10,-2,1293,185,38,1070
14183,3,0,5,-2,1296,190,38,1068
14184,42,0,6,36,1338,196,38,1104
14185,8,2,8,-2,1346,204,40,1102
14186,9,0,37,-28,1355,241,40,1074
14187,27,2,18,7,1382,259,42,1081
14188,37,3,5,29,1419,264,45,1110
14189,32,1,4,27,1451,268,46,1137
14190,14,1,21,-8,1465,289,47,1129
14191,38,0,22,16,1503,311,47,1145
14192,31,1,17,13,1534,328,48,1158
14193,6,2,0,4,1540,328,50,1162
14194,0,0,0,0,1540,328,50,1162
14195,13,0,2,11,1553,330,50,1173
14196,14,0,0,14,1567,330,50,1187
14197,5,0,17,-12,1572,347,50,1175
14198,6,0,216,-210,1578,563,50,965
14199,7,0,201,-194,1585,764,50,771
14200,7,0,88,-81,1592,852,50,690
14201,31,0,4,27,1623,856,50,717
14202,47,0,0,47,1670,856,50,764
14203,4,2,0,2,1674,856,52,766
14204,6,4,4,-2,1680,860,56,764
14205,11,0,13,-2,1691,873,56,762
14206,18,3,51,-36,1709,924,59,726
14207,8,0,36,-28,1717,960,59,698
14208,12,0,0,12,1729,960,59,710
14209,10,0,48,-38,1739,1008,59,672
14210,2,0,23,-21,1741,1031,59,651
14211,3,0,6,-3,1744,1037,59,648
14212,2,0,0,2,1746,1037,59,650
14213,10,0,458,-448,1756,1495,59,202
14214,5,0,1,4,1761,1496,59,206
14215,0,2,0,-2,1761,1496,61,204
14216,9,0,0,9,1770,1496,61,213
14217,4,0,0,4,1774,1496,61,217
14218,4,0,0,4,1778,1496,61,221
14219,1,0,14,-13,1779,1510,61,208
14220,30,0,0,30,1809,1510,61,238
14221,16,2,53,-39,1825,1563,63,199
14222,15,2,0,13,1840,1563,65,212
14223,0,0,18,-18,1840,1581,65,194
14224,18,1,0,17,1858,1581,66,211
14225,2,0,0,2,1860,1581,66,213
14226,6,0,0,6,1866,1581,66,219
14227,5,0,0,5,1871,1581,66,224
14228,7,0,0,7,1878,1581,66,231
14229,9,0,0,9,1887,1581,66,240
14230,0,0,0,0,1887,1581,66,240
14231,0,0,0,0,1887,1581,66,240
14232,9,1,0,8,1896,1581,67,248
14233,4,1,0,3,1900,1581,68,251
14234,10,2,0,8,1910,1581,70,259
14235,1,1,0,0,1911,1581,71,259
14236,7,0,5,2,1918,1586,71,261
14237,3,0,0,3,1921,1586,71,264
14238,14,0,8,6,1935,1594,71,270
14239,5,0,0,5,1940,1594,71,275
14240,16,1,1,14,1956,1595,72,289
14241,10,0,16,-6,1966,1611,72,283
14242,6,0,164,-158,1972,1775,72,125
14243,1,0,12,-11,1973,1787,72,114
14244,19,0,0,19,1992,1787,72,133
14245,0,0,0,0,1992,1787,72,133
14246,19,1,0,18,2011,1787,73,151
14247,3,0,0,3,2014,1787,73,154
14248,21,0,0,21,2035,1787,73,175
14249,4,0,12,-8,2039,1799,73,167
14250,6,0,0,6,2045,1799,73,173
14251,3,0,0,3,2048,1799,73,176
14252,0,0,0,0,2048,1799,73,176
14253,4,1,0,3,2052,1799,74,179
14254,7,0,3,4,2059,1802,74,183
14255,6,0,0,6,2065,1802,74,189
14256,2,0,0,2,2067,1802,74,191
14257,7,0,0,7,2074,1802,74,198
14258,1,0,9,-8,2075,1811,74,190
14259,0,0,0,0,2075,1811,74,190
14260,2,0,8,-6,2077,1819,74,184
14261,0,0,4,-4,2077,1823,74,180
14262,0,0,8,-8,2077,1831,74,172
14263,5,0,0,5,2082,1831,74,177
14264,0,0,33,-33,2082,1864,74,144
14265,7,0,0,7,2089,1864,74,151
14266,0,0,0,0,2089,1864,74,151
14267,16,0,4,12,2105,1868,74,163
14268,5,0,20,-15,2110,1888,74,148
14269,4,0,4,0,2114,1892,74,148
14270,1,0,0,1,2115,1892,74,149
14271,5,0,14,-9,2120,1906,74,140
14272,0,0,0,0,2120,1906,74,140
14273,0,0,0,0,2120,1906,74,140
14274,11,0,3,8,2131,1909,74,148
14275,11,0,19,-8,2142,1928,74,140
14276,10,0,0,10,2152,1928,74,150
14277,28,0,0,28,2180,1928,74,178
14278,7,0,0,7,2187,1928,74,185
14279,1,0,0,1,2188,1928,74,186
14280,0,0,0,0,2188,1928,74,186
14281,4,0,0,4,2192,1928,74,190
14282,1,0,0,1,2193,1928,74,191
14283,3,1,0,2,2196,1928,75,193
14284,0,0,0,0,2196,1928,75,193
14285,3,0,0,3,2199,1928,75,196
14286,0,0,0,0,2199,1928,75,196
14287,0,0,0,0,2199,1928,75,196
14288,33,0,18,15,2232,1946,75,211
14289,0,0,0,0,2232,1946,75,211
14290,2,0,0,2,2234,1946,75,213
14291,1,0,0,1,2235,1946,75,214
14292,3,0,0,3,2238,1946,75,217
14293,2,0,0,2,2240,1946,75,219
14294,0,0,0,0,2240,1946,75,219
14295,4,0,0,4,2244,1946,75,223
14296,3,0,0,3,2247,1946,75,226
14297,28,0,0,28,2275,1946,75,254
14298,0,0,0,0,2275,1946,75,254
14299,9,1,0,8,2284,1946,76,262
14300,6,0,0,6,2290,1946,76,268
14301,4,0,0,4,2294,1946,76,272
14302,3,0,0,3,2297,1946,76,275
14303,20,0,0,20,2317,1946,76,295
14304,5,1,0,4,2322,1946,77,299
14305,1,2,16,-17,2323,1962,79,282
14306,13,0,0,13,2336,1962,79,295
14307,8,0,4,4,2344,1966,79,299
14308,3,0,0,3,2347,1966,79,302
14309,2,1,0,1,2349,1966,80,303
14310,3,1,5,-3,2352,1971,81,300
14311,3,0,0,3,2355,1971,81,303
14312,1,0,0,1,2356,1971,81,304
14313,6,0,0,6,2362,1971,81,310
14314,7,0,0,7,2369,1971,81,317
14315,2,0,0,2,2371,1971,81,319
14316,2,0,0,2,2373,1971,81,321
14317,3,0,10,-7,2376,1981,81,314
14318,50,1,39,10,2426,2020,82,324
14319,25,1,0,24,2451,2020,83,348
14320,10,0,0,10,2461,2020,83,358
14321,6,0,0,6,2467,2020,83,364
14322,5,0,0,5,2472,2020,83,369
14323,6,0,6,0,2478,2026,83,369
14324,9,1,3,5,2487,2029,84,374
14325,0,0,0,0,2487,2029,84,374
14326,9,0,0,9,2496,2029,84,383
14327,5,0,0,5,2501,2029,84,388
14328,12,0,0,12,2513,2029,84,400
14329,8,0,0,8,2521,2029,84,408
14330,9,0,34,-25,2530,2063,84,383
14331,21,0,5,16,2551,2068,84,399
14332,12,0,0,12,2563,2068,84,411
14333,8,0,0,8,2571,2068,84,419
14334,7,0,0,7,2578,2068,84,426
14335,14,2,0,12,2592,2068,86,438
14336,62,0,0,62,2654,2068,86,500
14337,54,0,0,54,2708,2068,86,554
14338,5,1,1,3,2713,2069,87,557
14339,8,0,12,-4,2721,2081,87,553
14340,9,0,2,7,2730,2083,87,560
14341,4,0,0,4,2734,2083,87,564
14342,3,0,0,3,2737,2083,87,567
14343,3,0,22,-19,2740,2105,87,548
14344,8,0,3,5,2748,2108,87,553
14345,6,2,201,-197,2754,2309,89,356
14346,6,0,42,-36,2760,2351,89,320
14347,11,0,2,9,2771,2353,89,329
14348,2,1,0,1,2773,2353,90,330
14349,9,0,8,1,2782,2361,90,331
14350,5,0,0,5,2787,2361,90,336
14351,9,1,0,8,2796,2361,91,344
14352,22,0,2,20,2818,2363,91,364
14353,20,0,0,20,2838,2363,91,384
14354,25,0,19,6,2863,2382,91,390
14355,12,1,18,-7,2875,2400,92,383
14356,13,0,40,-27,2888,2440,92,356
14357,52,0,46,6,2940,2486,92,362
14358,9,0,13,-4,2949,2499,92,358
14359,23,2,22,-1,2972,2521,94,357
14360,54,0,28,26,3026,2549,94,383
14361,24,0,19,5,3050,2568,94,388
14362,25,0,12,13,3075,2580,94,401
14363,16,0,0,16,3091,2580,94,417
14364,24,0,0,24,3115,2580,94,441
14365,19,0,54,-35,3134,2634,94,406
14366,15,1,0,14,3149,2634,95,420
14367,85,0,4,81,3234,2638,95,501
14368,7,0,0,7,3241,2638,95,508
14369,36,2,5,29,3277,2643,97,537
14370,24,0,21,3,3301,2664,97,540
14371,3,2,3,-2,3304,2667,99,538
14372,27,1,26,0,3331,2693,100,538
14373,31,0,10,21,3362,2703,100,559
14374,30,0,0,30,3392,2703,100,589
14375,12,0,3,9,3404,2706,100,598
14376,22,0,76,-54,3426,2782,100,544
14377,16,0,0,16,3442,2782,100,560
14378,10,0,0,10,3452,2782,100,570
14379,31,1,2,28,3483,2784,101,598
14380,45,2,63,-20,3528,2847,103,578
14381,12,1,0,11,3540,2847,104,589
14382,30,1,21,8,3570,2868,105,597
14383,33,1,7,25,3603,2875,106,622
14384,0,0,0,0,3603,2875,106,622
14385,10,0,22,-12,3613,2897,106,610
14386,21,1,39,-19,3634,2936,107,591
14387,39,1,69,-31,3673,3005,108,560
14388,40,1,13,26,3713,3018,109,586
14389,49,1,16,32,3762,3034,110,618
14390,58,0,9,49,3820,3043,110,667
14391,27,0,5,22,3847,3048,110,689
14392,22,0,10,12,3869,3058,110,701
14393,9,0,53,-44,3878,3111,110,657
14394,8,0,0,8,3886,3111,110,665
14395,22,0,0,22,3908,3111,110,687
14396,4,1,29,-26,3912,3140,111,661
14397,1,0,62,-61,3913,3202,111,600
14398,19,0,20,-1,3932,3222,111,599
14399,1,0,4,-3,3933,3226,111,596
14400,15,0,49,-34,3948,3275,111,562
14401,10,1,55,-46,3958,3330,112,516
14402,12,0,0,12,3970,3330,112,528
14403,5,0,0,5,3975,3330,112,533
14404,6,0,49,-43,3981,3379,112,490
14405,1,1,0,0,3982,3379,113,490
14406,0,0,0,0,3982,3379,113,490
14407,5,0,12,-7,3987,3391,113,483
14408,0,0,12,-12,3987,3403,113,471
14409,43,0,11,32,4030,3414,113,503
14410,6,0,9,-3,4036,3423,113,500
14411,4,0,13,-9,4040,3436,113,491
14412,12,0,19,-7,4052,3455,113,484
14413,10,0,0,10,4062,3455,113,494
14414,17,1,0,16,4079,3455,114,510
14415,33,0,12,21,4112,3467,114,531
14416,35,0,21,14,4147,3488,114,545
14417,0,1,3,-4,4147,3491,115,541
14418,1,0,0,1,4148,3491,115,542
14419,12,0,0,12,4160,3491,115,554
14420,13,0,9,4,4173,3500,115,558
14421,20,2,18,0,4193,3518,117,558
14422,27,1,13,13,4220,3531,118,571
14423,9,0,4,5,4229,3535,118,576
14424,9,0,8,1,4238,3543,118,577
14425,19,1,1,17,4257,3544,119,594
14426,10,0,6,4,4267,3550,119,598
14427,0,0,6,-6,4267,3556,119,592
14428,7,0,25,-18,4274,3581,119,574
14429,3,0,2,1,4277,3583,119,575
14430,7,0,11,-4,4284,3594,119,571
14431,0,1,27,-28,4284,3621,120,543
14432,9,0,1,8,4293,3622,120,551
14433,7,0,5,2,4300,3627,120,553
14434,4,0,0,4,4304,3627,120,557
14435,6,0,34,-28,4310,3661,120,529
14436,12,0,0,12,4322,3661,120,541
14437,6,0,5,1,4328,3666,120,542
14438,3,0,0,3,4331,3666,120,545
14439,0,0,0,0,4331,3666,120,545
14440,0,0,0,0,4331,3666,120,545
14441,0,0,0,0,4331,3666,120,545
14442,1,0,15,-14,4332,3681,120,531
14443,8,0,0,8,4340,3681,120,539
14444,11,0,4,7,4351,3685,120,546
14445,2,0,26,-24,4353,3711,120,522
14446,0,0,6,-6,4353,3717,120,516
14447,4,0,4,0,4357,3721,120,516
14448,0,0,94,-94,4357,3815,120,422
14449,0,0,20,-20,4357,3835,120,402
14450,3,0,10,-7,4360,3845,120,395
14451,6,0,17,-11,4366,3862,120,384
14452,3,0,48,-45,4369,3910,120,339
14453,2,0,0,2,4371,3910,120,341
14454,6,0,45,-39,4377,3955,120,302
14455,4,0,0,4,4381,3955,120,306
14456,1,0,45,-44,4382,4000,120,262
14457,5,0,14,-9,4387,4014,120,253
14458,11,0,59,-48,4398,4073,120,205
14459,1,0,13,-12,4399,4086,120,193
14460,3,0,6,-3,4402,4092,120,190
14461,6,0,1,5,4408,4093,120,195
14462,5,0,0,5,4413,4093,120,200
14463,0,0,20,-20,4413,4113,120,180
14464,1,0,4,-3,4414,4117,120,177
14465,1,0,26,-25,4415,4143,120,152
14466,0,0,0,0,4415,4143,120,152
14467,2,0,4,-2,4417,4147,120,150
14468,0,0,0,0,4417,4147,120,150
14469,0,0,0,0,4417,4147,120,150
14470,3,0,33,-30,4420,4180,120,120
14471,1,0,6,-5,4421,4186,120,115
14472,7,0,21,-14,4428,4207,120,101
14473,2,0,12,-10,4430,4219,120,91
14474,3,0,0,3,4433,4219,120,94
14475,0,0,0,0,4433,4219,120,94
14476,1,0,0,1,4434,4219,120,95
14477,0,0,2,-2,4434,4221,120,93
14478,2,0,0,2,4436,4221,120,95
14479,0,0,0,0,4436,4221,120,95
14480,5,0,0,5,4441,4221,120,100
14481,0,0,0,0,4441,4221,120,100
14482,7,0,0,7,4448,4221,120,107
14483,1,0,3,-2,4449,4224,120,105
14484,0,0,8,-8,4449,4232,120,97
14485,4,0,0,4,4453,4232,120,101
14486,2,0,0,2,4455,4232,120,103
14487,8,0,0,8,4463,4232,120,111
14488,2,0,0,2,4465,4232,120,113
14489,7,0,0,7,4472,4232,120,120
14490,9,0,0,9,4481,4232,120,129
14491,4,0,20,-16,4485,4252,120,113
14492,4,0,0,4,4489,4252,120,117
14493,2,0,0,2,4491,4252,120,119
14494,0,0,0,0,4491,4252,120,119
14495,3,0,0,3,4494,4252,120,122
14496,2,1,0,1,4496,4252,121,123
14497,16,0,19,-3,4512,4271,121,120
14498,6,0,1,5,4518,4272,121,125
14499,1,0,0,1,4519,4272,121,126
14500,3,0,15,-12,4522,4287,121,114
14501,4,0,5,-1,4526,4292,121,113
14502,4,0,0,4,4530,4292,121,117
14503,8,0,0,8,4538,4292,121,125
14504,10,0,0,10,4548,4292,121,135
14505,7,0,4,3,4555,4296,121,138
14506,13,0,20,-7,4568,4316,121,131
14507,8,0,9,-1,4576,4325,121,130
14508,8,0,0,8,4584,4325,121,138
14509,6,0,0,6,4590,4325,121,144
14510,10,0,22,-12,4600,4347,121,132
14511,13,0,0,13,4613,4347,121,145
14512,8,0,30,-22,4621,4377,121,123
14513,26,0,32,-6,4647,4409,121,117
14514,8,0,11,-3,4655,4420,121,114
14515,7,0,2,5,4662,4422,121,119
14516,28,2,36,-10,4690,4458,123,109
14517,16,0,7,9,4706,4465,123,118
14518,1,0,0,1,4707,4465,123,119
14519,6,0,10,-4,4713,4475,123,115
14520,36,0,3,33,4749,4478,123,148
14521,21,1,1,19,4770,4479,124,167
14522,121,1,0,120,4891,4479,125,287
14523,86,0,5,81,4977,4484,125,368
14524,58,1,0,57,5035,4484,126,425
14525,28,2,4,22,5063,4488,128,447
14526,24,0,0,24,5087,4488,128,471
14527,36,0,2,34,5123,4490,128,505
14528,100,0,11,89,5223,4501,128,594
14529,132,1,4,127,5355,4505,129,721
14530,201,1,5,195,5556,4510,130,916
14531,125,0,0,125,5681,4510,130,1041
14532,146,4,23,119,5827,4533,134,1160
14533,68,0,1,67,5895,4534,134,1227
14534,117,4,40,73,6012,4574,138,1300
14535,218,1,24,193,6230,4598,139,1493
14536,125,2,19,104,6355,4617,141,1597
14537,171,1,33,137,6526,4650,142,1734
14538,234,6,17,211,6760,4667,148,1945
14539,184,3,19,162,6944,4686,151,2107
14540,131,8,61,62,7075,4747,159,2169
14541,173,1,108,64,7248,4855,160,2233
14542,161,5,56,100,7409,4911,165,2333
14543,199,5,72,122,7608,4983,170,2455
14544,152,0,75,77,7760,5058,170,2532
14545,360,3,122,235,8120,5180,173,2767
14546,84,6,90,-12,8204,5270,179,2755
14547,92,5,76,11,8296,5346,184,2766
14548,85,1,73,11,8381,5419,185,2777
14549,173,5,114,54,8554,5533,190,2831
14550,155,0,67,88,8709,5600,190,2919
14551,181,7,330,-156,8890,5930,197,2763
14552,82,0,66,16,8972,5996,197,2779
14553,268,11,80,177,9240,6076,208,2956
14554,179,7,141,31,9419,6217,215,2987
14555,136,4,151,-19,9555,6368,219,2968
14556,195,2,138,55,9750,6506,221,3023
14557,110,10,370,-270,9860,6876,231,2753
14558,156,3,261,-108,10016,7137,234,2645
14559,22,4,172,-154,10038,7309,238,2491
14560,22,2,32,-12,10060,7341,240,2479
14561,35,0,47,-12,10095,7388,240,2467
14562,49,3,156,-110,10144,7544,243,2357
14563,43,1,97,-55,10187,7641,244,2302
14564,110,2,29,79,10297,7670,246,2381
14565,189,0,301,-112,10486,7971,246,2269
14566,176,5,341,-170,10662,8312,251,2099
14567,132,0,372,-240,10794,8684,251,1859
14568,46,2,99,-55,10840,8783,253,1804
14569,97,0,117,-20,10937,8900,253,1784
14570,36,5,169,-138,10973,9069,258,1646
14571,61,1,55,5,11034,9124,259,1651
14572,77,4,307,-234,11111,9431,263,1417
14573,51,0,30,21,11162,9461,263,1438
14574,14,2,59,-47,11176,9520,265,1391
14575,49,0,53,-4,11225,9573,265,1387
14576,40,7,113,-80,11265,9686,272,1307
14577,18,0,36,-18,11283,9722,272,1289
14578,1,2,0,-1,11284,9722,274,1288
14579,1,0,0,1,1,0,0,1
14580,0,0,0,0,1,0,0,1
14581,0,0,0,0,1,0,0,1
14582,0,0,0,0,1,0,0,1
14583,0,0,0,0,1,0,0,1
14584,0,0,0,0,1,0,0,1
14585,0,0,0,0,1,0,0,1
14586,0,0,0,0,1,0,0,1
14587,0,0,0,0,1,0,0,1
14588,0,0,0,0,1,0,0,1
14589,0,0,1,-1,1,1,0,0
14590,0,0,0,0,1,1,0,0
14591,0,0,0,0,1,1,0,0
14592,0,0,0,0,1,1,0,0
14593,0,0,0,0,1,1,0,0
14594,0,0,0,0,1,1,0,0
14595,0,0,0,0,1,1,0,0
14596,2,0,0,2,3,1,0,2
14597,0,0,0,0,3,1,0,2
14598,0,0,0,0,3,1,0,2
14599,0,0,0,0,3,1,0,2
14600,8,0,0,8,11,1,0,10
14601,0,0,0,0,11,1,0,10
14602,0,0,0,0,11,1,0,10
14603,3,0,0,3,14,1,0,13
14604,0,0,0,0,14,1,0,13
14605,0,0,0,0,14,1,0,13
14606,3,0,5,-2,17,6,0,11
14607,0,0,0,0,17,6,0,11
14608,0,0,4,-4,17,10,0,7
14609,0,0,0,0,17,10,0,7
14610,0,0,0,0,17,10,0,7
14611,0,0,0,0,17,10,0,7
14612,0,0,1,-1,17,11,0,6
14613,3,0,0,3,20,11,0,9
14614,0,0,0,0,20,11,0,9
14615,0,0,0,0,20,11,0,9
14616,2,0,1,1,22,12,0,10
14617,1,0,0,1,23,12,0,11
14618,0,0,0,0,23,12,0,11
14619,0,0,0,0,23,12,0,11
14620,0,0,0,0,23,12,0,11
14621,0,0,0,0,23,12,0,11
14622,0,0,0,0,23,12,0,11
14623,0,0,0,0,23,12,0,11
14624,0,2,0,-2,23,12,2,9
14625,0,0,0,0,23,12,2,9
14626,9,0,0,9,32,12,2,18
14627,0,0,0,0,32,12,2,18
14628,0,0,1,-1,32,13,2,17
14629,0,2,4,-6,32,17,4,11
14630,18,0,0,18,50,17,4,29
14631,0,0,0,0,50,17,4,29
14632,12,0,0,12,62,17,4,41
14633,0,0,0,0,62,17,4,41
14634,0,0,0,0,62,17,4,41
14635,22,2,4,16,84,21,6,57
14636,23,0,0,23,107,21,6,80
14637,0,0,0,0,107,21,6,80
14638,17,1,0,16,124,21,7,96
14639,11,0,1,10,135,22,7,106
14640,22,0,0,22,157,22,7,128
14641,0,0,0,0,157,22,7,128
14642,2,0,5,-3,159,27,7,125
14643,1,0,0,1,160,27,7,126
14644,0,0,0,0,160,27,7,126
14645,10,1,7,2,170,34,8,128
14646,18,0,1,17,188,35,8,145
14647,27,0,0,27,215,35,8,172
14648,0,0,1,-1,215,36,8,171
14649,8,0,0,8,223,36,8,179
14650,0,0,0,0,223,36,8,179
14651,0,0,19,-19,223,55,8,160
14652,15,0,0,15,238,55,8,175
14653,0,0,7,-7,238,62,8,168
14654,16,0,2,14,254,64,8,182
14655,7,0,3,4,261,67,8,186
14656,8,0,0,8,269,67,8,194
14657,38,0,13,25,307,80,8,219
14658,8,0,9,-1,315,89,8,218
14659,13,0,0,13,328,89,8,231
14660,0,0,0,0,328,89,8,231
14661,58,2,15,41,386,104,10,272
14662,13,0,1,12,399,105,10,284
14663,21,0,4,17,420,109,10,301
14664,32,1,0,31,452,109,11,332
14665,44,2,2,40,496,111,13,372
14666,24,0,2,22,520,113,13,394
14667,14,0,0,14,534,113,13,408
14668,10,0,23,-13,544,136,13,395
14669,37,0,25,12,581,161,13,407
14670,17,0,0,17,598,161,13,424
14671,35,0,3,32,633,164,13,456
14672,1,0,4,-3,634,168,13,453
14673,37,1,4,32,671,172,14,485
14674,13,0,18,-5,684,190,14,480
14675,7,1,6,0,691,196,15,480
14676,14,0,22,-8,705,218,15,472
14677,6,0,12,-6,711,230,15,466
14678,15,0,27,-12,726,257,15,454
14679,16,1,7,8,742,264,16,462
14680,7,0,18,-11,749,282,16,451
14681,13,1,25,-13,762,307,17,438
14682,7,0,9,-2,769,316,17,436
14683,6,0,59,-53,775,375,17,383
14684,19,0,2,17,794,377,17,400
14685,10,0,4,6,804,381,17,406
14686,26,0,33,-7,830,414,17,399
14687,7,0,52,-45,837,466,17,354
14688,8,0,21,-13,845,487,17,341
14689,13,0,22,-9,858,509,17,332
14690,6,0,30,-24,864,539,17,308
14691,10,0,25,-15,874,564,17,293
14692,26,0,4,22,900,568,17,315
14693,0,0,0,0,900,568,17,315
14694,20,0,11,9,920,579,17,324
14695,6,0,19,-13,926,598,17,311
14696,2,0,1,1,928,599,17,312
14697,1,1,0,0,929,599,18,312
14698,31,2,4,25,960,603,20,337
14699,19,0,10,9,979,613,20,346
14700,19,0,9,10,998,622,20,356
14701,0,0,0,0,998,622,20,356
14702,12,0,7,5,1010,629,20,361
14703,0,0,3,-3,1010,632,20,358
14704,6,0,0,6,1016,632,20,364
14705,29,1,2,26,1045,634,21,390
14706,0,0,7,-7,1045,641,21,383
14707,23,1,40,-18,1068,681,22,365
14708,1,0,16,-15,1069,697,22,350
14709,24,1,2,21,1093,699,23,371
14710,0,0,0,0,1093,699,23,371
14711,31,0,44,-13,1124,743,23,358
14712,11,0,5,6,1135,748,23,364
14713,0,0,2,-2,1135,750,23,362
14714,11,0,6,5,1146,756,23,367
14715,29,0,12,17,1175,768,23,384
14716,46,2,11,33,1221,779,25,417
14717,71,0,7,64,1292,786,25,481
14718,6,0,4,2,1298,790,25,483
14719,32,0,1,31,1330,791,25,514
14720,15,0,12,3,1345,803,25,517
14721,2,0,53,-51,1347,856,25,466
14722,20,0,29,-9,1367,885,25,457
14723,39,0,24,15,1406,909,25,472
14724,10,0,1,9,1416,910,25,481
14725,32,3,27,2,1448,937,28,483
14726,47,0,9,38,1495,946,28,521
14727,26,1,0,25,1521,946,29,546
14728,9,1,28,-20,1530,974,30,526
14729,23,0,22,1,1553,996,30,527
14730,58,1,0,57,1611,996,31,584
14731,0,0,0,0,1611,996,31,584
14732,4,0,2,2,1615,998,31,586
14733,54,0,0,54,1669,998,31,640
14734,8,0,10,-2,1677,1008,31,638
14735,65,1,45,19,1742,1053,32,657
14736,6,1,31,-26,1748,1084,33,631
14737,33,0,16,17,1781,1100,33,648
14738,4,0,1,3,1785,1101,33,651
14739,27,0,2,25,1812,1103,33,676
14740,20,0,0,20,1832,1103,33,696
14741,25,0,56,-31,1857,1159,33,665
14742,43,0,38,5,1900,1197,33,670
14743,10,1,10,-1,1910,1207,34,669
14744,51,0,17,34,1961,1224,34,703
14745,43,0,25,18,2004,1249,34,721
14746,60,1,18,41,2064,1267,35,762
14747,80,1,22,57,2144,1289,36,819
14748,20,0,29,-9,2164,1318,36,810
14749,42,0,47,-5,2206,1365,36,805
14750,21,0,11,10,2227,1376,36,815
14751,21,0,0,21,2248,1376,36,836
14752,117,0,38,79,2365,1414,36,915
14753,12,2,7,3,2377,1421,38,918
14754,57,0,0,57,2434,1421,38,975
14755,31,0,93,-62,2465,1514,38,913
14756,16,0,13,3,2481,1527,38,916
14757,19,0,0,19,2500,1527,38,935
14758,3,0,0,3,2503,1527,38,938
14759,7,0,59,-52,2510,1586,38,886
14760,41,0,45,-4,2551,1631,38,882
14761,15,0,0,15,2566,1631,38,897
14762,49,1,2,46,2615,1633,39,943
14763,37,1,31,5,2652,1664,40,948
14764,2,0,24,-22,2654,1688,40,926
14765,0,0,0,0,2654,1688,40,926
14766,0,0,0,0,2654,1688,40,926
14767,73,1,8,64,2727,1696,41,990
14768,0,0,39,-39,2727,1735,41,951
14769,0,0,0,0,2727,1735,41,951
14770,88,0,66,22,2815,1801,41,973
14771,0,0,0,0,2815,1801,41,973
14772,44,0,59,-15,2859,1860,41,958
14773,117,0,0,117,2976,1860,41,1075
14774,0,0,27,-27,2976,1887,41,1048
14775,64,0,32,32,3040,1919,41,1080
14776,22,0,0,22,3062,1919,41,1102
14777,68,0,16,52,3130,1935,41,1154
14778,48,0,48,0,3178,1983,41,1154
14779,94,0,32,62,3272,2015,41,1216
14780,0,0,0,0,3272,2015,41,1216
14781,122,1,25,96,3394,2040,42,1312
14782,41,0,0,41,3435,2040,42,1353
14783,13,0,120,-107,3448,2160,42,1246
14784,6,0,109,-103,3454,2269,42,1143
14785,2,0,22,-20,3456,2291,42,1123
14786,15,0,180,-165,3471,2471,42,958
14787,8,0,72,-64,3479,2543,42,894
14788,42,0,109,-67,3521,2652,42,827
14789,40,0,64,-24,3561,2716,42,803
14790,36,1,29,6,3597,2745,43,809
14791,20,0,63,-43,3617,2808,43,766
14792,7,1,29,-23,3624,2837,44,743
14793,0,0,0,0,3624,2837,44,743
14794,26,0,49,-23,3650,2886,44,720
14795,68,1,42,25,3718,2928,45,745
14796,21,0,98,-77,3739,3026,45,668
14797,0,0,59,-59,3739,3085,45,609
14798,33,2,37,-6,3772,3122,47,603
14799,13,0,39,-26,3785,3161,47,577
14800,5,0,28,-23,3790,3189,47,554
14801,0,0,0,0,3790,3189,47,554
14802,62,0,46,16,3852,3235,47,570
14803,11,0,0,11,3863,3235,47,581
14804,0,0,35,-35,3863,3270,47,546
14805,14,0,1,13,3877,3271,47,559
14806,0,0,0,0,3877,3271,47,559
14807,7,0,19,-12,3884,3290,47,547
14808,30,1,31,-2,3914,3321,48,545
14809,10,1,77,-68,3924,3398,49,477
14810,40,0,13,27,3964,3411,49,504
14811,11,1,14,-4,3975,3425,50,500
14812,29,0,18,11,4004,3443,50,511
14813,25,0,14,11,4029,3457,50,522
14814,44,0,26,18,4073,3483,50,540
14815,17,3,51,-37,4090,3534,53,503
14816,25,0,8,17,4115,3542,53,520
14817,14,0,3,11,4129,3545,53,531
14818,0,0,4,-4,4129,3549,53,527
14819,19,0,36,-17,4148,3585,53,510
14820,4,0,3,1,4152,3588,53,511
14821,50,4,13,33,4202,3601,57,544
14822,10,0,20,-10,4212,3621,57,534
14823,33,3,43,-13,4245,3664,60,521
14824,10,0,0,10,4255,3664,60,531
14825,16,0,31,-15,4271,3695,60,516
14826,0,0,0,0,4271,3695,60,516
14827,53,0,52,1,4324,3747,60,517
14828,104,0,7,97,4428,3754,60,614
14829,0,0,2,-2,4428,3756,60,612
14830,41,1,15,25,4469,3771,61,637
14831,108,0,16,92,4577,3787,61,729
14832,43,0,6,37,4620,3793,61,766
14833,0,0,5,-5,4620,3798,61,761
14834,0,0,12,-12,4620,3810,61,749
14835,1,0,0,1,4621,3810,61,750
14836,5,0,8,-3,4626,3818,61,747
14837,0,0,5,-5,4626,3823,61,742
14838,47,3,0,44,4673,3823,64,786
14839,46,0,0,46,4719,3823,64,832
14840,0,0,25,-25,4719,3848,64,807
14841,39,2,0,37,4758,3848,66,844
14842,11,0,4,7,4769,3852,66,851
14843,40,0,9,31,4809,3861,66,882
14844,71,1,7,63,4880,3868,67,945
14845,32,0,8,24,4912,3876,67,969
14846,0,0,9,-9,4912,3885,67,960
14847,137,1,29,107,5049,3914,68,1067
14848,100,0,0,100,5149,3914,68,1167
14849,190,0,24,166,5339,3938,68,1333
14850,0,0,0,0,5339,3938,68,1333
14851,45,1,63,-19,5384,4001,69,1314
14852,64,0,13,51,5448,4014,69,1365
14853,21,0,14,7,5469,4028,69,1372
14854,10,0,189,-179,5479,4217,69,1193
14855,16,0,18,-2,5495,4235,69,1191
14856,42,1,20,21,5537,4255,70,1212
14857,36,0,22,14,5573,4277,70,1226
14858,34,0,19,15,5607,4296,70,1241
14859,33,0,4,29,5640,4300,70,1270
14860,43,1,33,9,5683,4333,71,1279
14861,10,0,30,-20,5693,4363,71,1259
14862,0,0,24,-24,5693,4387,71,1235
14863,29,0,170,-141,5722,4557,71,1094
14864,32,1,14,17,5754,4571,72,1111
14865,18,0,34,-16,5772,4605,72,1095
14866,9,0,23,-14,5781,4628,72,1081
14867,6,3,20,-17,5787,4648,75,1064
14868,35,0,144,-109,5822,4792,75,955
14869,3,0,14,-11,5825,4806,75,944
14870,1,0,19,-18,5826,4825,75,926
14871,0,0,22,-22,5826,4847,75,904
14872,33,0,6,27,5859,4853,75,931
14873,22,0,1,21,5881,4854,75,952
14874,70,0,3,67,5951,4857,75,1019
14875,0,0,8,-8,5951,4865,75,1011
14876,0,0,2,-2,5951,4867,75,1009
14877,4,0,5,-1,5955,4872,75,1008
14878,46,4,41,1,6001,4913,79,1009
14879,38,2,40,-4,6039,4953,81,1005
14880,41,0,0,41,6080,4953,81,1046
14881,29,1,31,-3,6109,4984,82,1043
14882,32,0,33,-1,6141,5017,82,1042
14883,7,0,15,-8,6148,5032,82,1034
14884,17,0,32,-15,6165,5064,82,1019
14885,0,0,0,0,6165,5064,82,1019
14886,55,0,33,22,6220,5097,82,1041
14887,39,0,24,15,6259,5121,82,1056
14888,7,0,28,-21,6266,5149,82,1035
14889,49,1,18,30,6315,5167,83,1065
14890,1,0,0,1,6316,5167,83,1066
14891,13,0,0,13,6329,5167,83,1079
14892,32,1,4,27,6361,5171,84,1106
14893,19,0,2,17,6380,5173,84,1123
14894,46,0,0,46,6426,5173,84,1169
14895,46,0,36,10,6472,5209,84,1179
14896,8,0,11,-3,6480,5220,84,1176
14897,1,3,6,-8,6481,5226,87,1168
14898,20,0,104,-84,6501,5330,87,1084
14899,31,0,48,-17,6532,5378,87,1067
14900,29,0,45,-16,6561,5423,87,1051
14901,23,1,24,-2,6584,5447,88,1049
14902,11,1,71,-61,6595,5518,89,988
14903,5,0,48,-43,6600,5566,89,945
14904,30,3,24,3,6630,5590,92,948
14905,10,7,51,-48,6640,5641,99,900
14906,0,0,11,-11,6640,5652,99,889
14907,74,3,24,47,6714,5676,102,936
14908,33,0,157,-124,6747,5833,102,812
14909,0,0,39,-39,6747,5872,102,773
14910,22,1,0,21,6769,5872,103,794
14911,5,0,65,-60,6774,5937,103,734
14912,19,0,43,-24,6793,5980,103,710
14913,27,1,52,-26,6820,6032,104,684
14914,12,1,84,-73,6832,6116,105,611
14915,3,0,15,-12,6835,6131,105,599
14916,44,1,20,23,6879,6151,106,622
14917,9,0,17,-8,6888,6168,106,614
14918,14,0,21,-7,6902,6189,106,607
14919,30,0,48,-18,6932,6237,106,589
14920,24,0,10,14,6956,6247,106,603
14921,28,0,9,19,6984,6256,106,622
14922,0,0,10,-10,6984,6266,106,612
14923,0,0,12,-12,6984,6278,106,600
14924,37,0,28,9,7021,6306,106,609
14925,23,0,31,-8,7044,6337,106,601
14926,25,0,52,-27,7069,6389,106,574
14927,9,0,10,-1,7078,6399,106,573
14928,38,0,36,2,7116,6435,106,575
14929,2,0,10,-8,7118,6445,106,567
14930,15,1,96,-82,7133,6541,107,485
14931,9,0,10,-1,7142,6551,107,484
14932,3,0,28,-25,7145,6579,107,459
14933,9,0,4,5,7154,6583,107,464
14934,10,0,7,3,7164,6590,107,467
14935,0,0,0,0,7164,6590,107,467
14936,22,1,5,16,7186,6595,108,483
14937,4,1,5,-2,7190,6600,109,481
14938,6,1,2,3,7196,6602,110,484
14939,4,0,20,-16,7200,6622,110,468
14940,14,0,0,14,7214,6622,110,482
14941,4,0,68,-64,7218,6690,110,418
14942,10,0,11,-1,7228,6701,110,417
14943,4,0,6,-2,7232,6707,110,415
14944,4,0,7,-3,7236,6714,110,412
14945,21,0,14,7,7257,6728,110,419
14946,26,0,0,26,7283,6728,110,445
14947,33,0,41,-8,7316,6769,110,437
14948,6,0,12,-6,7322,6781,110,431
14949,15,0,10,5,7337,6791,110,436
14950,3,0,21,-18,7340,6812,110,418
14951,0,0,12,-12,7340,6824,110,406
14952,12,0,8,4,7352,6832,110,410
14953,0,0,0,0,7352,6832,110,410
14954,6,0,10,-4,7358,6842,110,406
14955,12,0,12,0,7370,6854,110,406
14956,3,0,5,-2,7373,6859,110,404
14957,0,0,13,-13,7373,6872,110,391
14958,2,2,9,-9,7375,6881,112,382
14959,11,0,16,-5,7386,6897,112,377
14960,6,0,24,-18,7392,6921,112,359
14961,9,0,7,2,7401,6928,112,361
14962,2,0,4,-2,7403,6932,112,359
14963,1,0,3,-2,7404,6935,112,357
14964,7,0,33,-26,7411,6968,112,331
14965,24,0,4,20,7435,6972,112,351
14966,2,3,2,-3,7437,6974,115,348
14967,18,0,1,17,7455,6975,115,365
14968,0,0,0,0,7455,6975,115,365
14969,5,0,26,-21,7460,7001,115,344
14970,13,0,13,0,7473,7014,115,344
14971,13,0,5,8,7486,7019,115,352
14972,2,0,6,-4,7488,7025,115,348
14973,1,0,4,-3,7489,7029,115,345
14974,10,1,2,7,7499,7031,116,352
14975,0,0,0,0,7499,7031,116,352
14976,8,0,11,-3,7507,7042,116,349
14977,0,0,9,-9,7507,7051,116,340
14978,8,0,5,3,7515,7056,116,343
14979,0,0,0,0,7515,7056,116,343
14980,0,1,0,-1,7515,7056,117,342
14981,2,0,55,-53,7517,7111,117,289
14982,0,0,9,-9,7517,7120,117,280
14983,13,0,7,6,7530,7127,117,286
14984,0,0,3,-3,7530,7130,117,283
14985,5,0,7,-2,7535,7137,117,281
14986,14,0,0,14,7549,7137,117,295
14987,0,0,0,0,7549,7137,117,295
14988,18,0,7,11,7567,7144,117,306
14989,7,0,5,2,7574,7149,117,308
14990,0,0,15,-15,7574,7164,117,293
14991,19,0,4,15,7593,7168,117,308
14992,3,0,0,3,7596,7168,117,311
14993,0,0,0,0,7596,7168,117,311
14994,1,1,4,-4,7597,7172,118,307
14995,0,1,20,-21,7597,7192,119,286
14996,0,0,0,0,7597,7192,119,286
14997,32,0,9,23,7629,7201,119,309
14998,7,1,16,-10,7636,7217,120,299
14999,0,0,0,0,7636,7217,120,299
15000,20,0,5,15,7656,7222,120,314
15001,0,0,6,-6,7656,7228,120,308
15002,0,0,0,0,7656,7228,120,308
15003,7,0,5,2,7663,7233,120,310
15004,8,0,52,-44,7671,7285,120,266
15005,0,0,0,0,7671,7285,120,266
15006,5,0,34,-29,7676,7319,120,237
15007,0,0,19,-19,7676,7338,120,218
15008,42,1,6,35,7718,7344,121,253
15009,0,0,0,0,7718,7344,121,253
15010,9,1,7,1,7727,7351,122,254
15011,0,0,0,0,7727,7351,122,254
15012,14,0,13,1,7741,7364,122,255
15013,0,0,0,0,7741,7364,122,255
15014,3,0,6,-3,7744,7370,122,252
15015,0,0,8,-8,7744,7378,122,244
15016,0,0,5,-5,7744,7383,122,239
15017,3,0,6,-3,7747,7389,122,236
15018,37,1,1,35,7784,7390,123,271
15019,1,1,12,-12,7785,7402,124,259
15020,8,1,0,7,7793,7402,125,266
15021,25,0,4,21,7818,7406,125,287
15022,0,0,0,0,7818,7406,125,287
15023,5,0,15,-10,7823,7421,125,277
15024,5,1,12,-8,7828,7433,126,269
15025,27,0,5,22,7855,7438,126,291
15026,1,0,4,-3,7856,7442,126,288
15027,31,0,3,28,7887,7445,126,316
15028,3,1,5,-3,7890,7450,127,313
15029,16,2,12,2,7906,7462,129,315
15030,43,1,2,40,7949,7464,130,355
15031,24,1,13,10,7973,7477,131,365
15032,0,0,0,0,7973,7477,131,365
15033,15,2,7,6,7988,7484,133,371
15034,69,0,4,65,8057,7488,133,436
15035,0,0,0,0,8057,7488,133,436
15036,40,0,64,-24,8097,7552,133,412
15037,33,0,6,27,8130,7558,133,439
15038,0,0,0,0,8130,7558,133,439
15039,136,4,22,110,8266,7580,137,549
15040,30,1,3,26,8296,7583,138,575
15041,51,1,17,33,8347,7600,139,608
15042,119,1,1,117,8466,7601,140,725
15043,26,1,0,25,8492,7601,141,750
15044,0,0,0,0,8492,7601,141,750
15045,218,0,10,208,8710,7611,141,958
15046,185,3,12,170,8895,7623,144,1128
15047,172,2,0,170,9067,7623,146,1298
15048,0,0,0,0,9067,7623,146,1298
15049,278,2,9,267,9345,7632,148,1565
15050,349,3,59,287,9694,7691,151,1852
15051,258,6,8,244,9952,7699,157,2096
15052,303,4,9,290,10255,7708,161,2386
15053,210,3,0,207,10465,7708,164,2593
15054,191,6,5,180,10656,7713,170,2773
15055,347,2,18,327,11003,7731,172,3100
15056,217,3,44,170,11220,7775,175,3270
15057,248,0,6,242,11468,7781,175,3512
15058,211,7,28,176,11679,7809,182,3688
15059,162,0,18,144,11841,7827,182,3832
15060,139,1,19,119,11980,7846,183,3951
15061,78,4,44,30,12058,7890,187,3981
15062,69,0,23,46,12127,7913,187,4027
15063,215,11,178,26,12342,8091,198,4053
15064,59,0,4,55,12401,8095,198,4108
15065,195,1,180,14,12596,8275,199,4122
15066,75,9,260,-194,12671,8535,208,3928
15067,121,7,155,-41,12792,8690,215,3887
15068,92,0,68,24,12884,8758,215,3911
15069,104,0,30,74,12988,8788,215,3985
15070,51,0,262,-211,13039,9050,215,3774
15071,113,7,111,-5,13152,9161,222,3769
15072,87,0,139,-52,13239,9300,222,3717
15073,68,0,105,-37,13307,9405,222,3680
15074,49,3,92,-46,13356,9497,225,3634
15075,43,1,150,-108,13399,9647,226,3526
15076,33,0,63,-30,13432,9710,226,3496
15077,51,3,173,-125,13483,9883,229,3371
15078,58,4,181,-127,13541,10064,233,3244
15079,18,0,93,-75,13559,10157,233,3169
15080,46,0,123,-77,13605,10280,233,3092
15081,13,0,103,-90,13618,10383,233,3002
15082,37,1,59,-23,13655,10442,234,2979
15083,5,0,67,-62,13660,10509,234,2917
15084,77,0,84,-7,13737,10593,234,2910
15085,171,0,152,19,13908,10745,234,2929
15086,42,0,111,-69,13950,10856,234,2860
15087,28,1,97,-70,13978,10953,235,2790
15088,55,2,235,-182,14033,11188,237,2608
15089,18,1,200,-183,14051,11388,238,2425
15090,4,0,74,-70,14055,11462,238,2355
15091,64,2,79,-17,14119,11541,240,2338
15092,23,0,39,-16,14142,11580,240,2322
15093,22,0,65,-43,14164,11645,240,2279
15094,0,2,30,-32,14164,11675,242,2247
15095,2,0,0,2,14166,11675,242,2249
15096,1,0,0,1,1,0,0,1
15097,0,0,0,0,1,0,0,1
15098,0,0,0,0,1,0,0,1
15099,0,0,0,0,1,0,0,1
15100,0,0,0,0,1,0,0,1
15101,0,0,0,0,1,0,0,1
15102,3,0,0,3,4,0,0,4
15103,0,0,0,0,4,0,0,4
15104,0,0,0,0,4,0,0,4
15105,0,0,0,0,4,0,0,4
15106,0,0,0,0,4,0,0,4
15107,3,1,0,2,7,0,1,6
15108,0,0,0,0,7,0,1,6
15109,0,0,0,0,7,0,1,6
15110,5,0,0,5,12,0,1,11
15111,2,0,0,2,14,0,1,13
15112,0,0,0,0,14,0,1,13
15113,0,0,0,0,14,0,1,13
15114,1,0,2,-1,15,2,1,12
15115,0,0,0,0,15,2,1,12
15116,0,0,0,0,15,2,1,12
15117,0,0,0,0,15,2,1,12
15118,0,0,0,0,15,2,1,12
15119,0,0,0,0,15,2,1,12
15120,0,0,0,0,15,2,1,12
15121,0,0,4,-4,15,6,1,8
15122,0,0,1,-1,15,7,1,7
15123,4,0,0,4,19,7,1,11
15124,0,0,3,-3,19,10,1,8
15125,0,0,0,0,19,10,1,8
15126,0,0,1,-1,19,11,1,7
15127,0,0,0,0,19,11,1,7
15128,0,0,0,0,19,11,1,7
15129,0,0,1,-1,19,12,1,6
15130,2,0,1,1,21,13,1,7
15131,1,0,1,0,22,14,1,7
15132,1,1,0,0,23,14,2,7
15133,1,0,0,1,24,14,2,8
15134,4,0,0,4,28,14,2,12
15135,0,0,0,0,28,14,2,12
15136,0,0,1,-1,28,15,2,11
15137,16,0,0,16,44,15,2,27
15138,3,0,2,1,47,17,2,28
15139,2,0,1,1,49,18,2,29
15140,9,0,0,9,58,18,2,38
15141,0,0,0,0,58,18,2,38
15142,0,0,0,0,58,18,2,38
15143,2,0,0,2,60,18,2,40
15144,5,1,1,3,65,19,3,43
15145,3,0,4,-1,68,23,3,42
15146,1,2,0,-1,69,23,5,41
15147,25,1,3,21,94,26,6,62
15148,0,0,0,0,94,26,6,62
15149,14,0,3,11,108,29,6,73
15150,10,0,0,10,118,29,6,83
15151,3,0,1,2,121,30,6,85
15152,0,0,4,-4,121,34,6,81
15153,5,0,21,-16,126,55,6,65
15154,8,0,4,4,134,59,6,69
15155,0,1,4,-5,134,63,7,64
15156,5,0,7,-2,139,70,7,62
15157,6,0,2,4,145,72,7,66
15158,3,0,10,-7,148,82,7,59
15159,33,0,1,32,181,83,7,91
15160,4,1,0,3,185,83,8,94
15161,0,0,8,-8,185,91,8,86
15162,23,0,1,22,208,92,8,108
15163,6,0,2,4,214,94,8,112
15164,0,0,32,-32,214,126,8,80
15165,0,0,0,0,214,126,8,80
15166,6,0,0,6,220,126,8,86
15167,0,0,13,-13,220,139,8,73
15168,7,0,1,6,227,140,8,79
15169,3,0,5,-2,230,145,8,77
15170,1,0,30,-29,231,175,8,48
15171,7,0,0,7,238,175,8,55
15172,5,0,26,-21,243,201,8,34
15173,0,0,0,0,243,201,8,34
15174,0,0,0,0,243,201,8,34
15175,0,0,0,0,243,201,8,34
15176,0,1,12,-13,243,213,9,21
15177,6,1,0,5,249,213,10,26
15178,0,1,10,-11,249,223,11,15
15179,7,0,3,4,256,226,11,19
15180,5,0,0,5,261,226,11,24
15181,8,0,1,7,269,227,11,31
15182,0,0,0,0,269,227,11,31
15183,2,2,0,0,271,227,13,31
15184,5,2,0,3,276,227,15,34
15185,10,2,0,8,286,227,17,42
15186,0,0,0,0,286,227,17,42
15187,30,0,2,28,316,229,17,70
15188,29,0,1,28,345,230,17,98
15189,14,0,2,12,359,232,17,110
15190,4,3,5,-4,363,237,20,106
15191,22,0,7,15,385,244,20,121
15192,7,0,13,-6,392,257,20,115
15193,24,1,9,14,416,266,21,129
15194,9,3,35,-29,425,301,24,100
15195,1,2,3,-4,426,304,26,96
15196,6,0,7,-1,432,311,26,95
15197,105,2,0,103,537,311,28,198
15198,79,1,0,78,616,311,29,276
15199,0,1,0,-1,616,311,30,275
15200,4,1,11,-8,620,322,31,267
15201,74,0,11,63,694,333,31,330
15202,102,0,13,89,796,346,31,419
15203,24,2,35,-13,820,381,33,406
15204,31,0,15,16,851,396,33,422
15205,4,0,42,-38,855,438,33,384
15206,102,0,11,91,957,449,33,475
15207,58,0,18,40,1015,467,33,515
15208,0,0,76,-76,1015,543,33,439
15209,142,1,45,96,1157,588,34,535
15210,127,0,61,66,1284,649,34,601
15211,38,1,49,-12,1322,698,35,589
15212,65,2,63,0,1387,761,37,589
15213,40,0,31,9,1427,792,37,598
15214,4,0,121,-117,1431,913,37,481
15215,38,0,102,-64,1469,1015,37,417
15216,80,0,98,-18,1549,1113,37,399
15217,7,2,0,5,1556,1113,39,404
15218,58,1,19,38,1614,1132,40,442
15219,3,0,56,-53,1617,1188,40,389
15220,47,1,32,14,1664,1220,41,403
15221,8,0,24,-16,1672,1244,41,387
15222,3,2,25,-24,1675,1269,43,363
15223,40,1,18,21,1715,1287,44,384
15224,6,0,16,-10,1721,1303,44,374
15225,67,2,4,61,1788,1307,46,435
15226,33,0,53,-20,1821,1360,46,415
15227,54,0,39,15,1875,1399,46,430
15228,0,0,47,-47,1875,1446,46,383
15229,12,2,28,-18,1887,1474,48,365
15230,0,0,32,-32,1887,1506,48,333
15231,72,1,7,64,1959,1513,49,397
15232,0,1,50,-51,1959,1563,50,346
15233,11,0,0,11,1970,1563,50,357
15234,0,0,27,-27,1970,1590,50,330
15235,53,0,11,42,2023,1601,50,372
15236,12,1,151,-140,2035,1752,51,232
15237,6,2,13,-9,2041,1765,53,223
15238,0,0,5,-5,2041,1770,53,218
15239,0,1,16,-17,2041,1786,54,201
15240,34,0,27,7,2075,1813,54,208
15241,15,0,17,-2,2090,1830,54,206
15242,61,1,16,44,2151,1846,55,250
15243,9,0,6,3,2160,1852,55,253
15244,22,4,20,-2,2182,1872,59,251
15245,4,0,4,0,2186,1876,59,251
15246,15,0,26,-11,2201,1902,59,240
15247,24,1,11,12,2225,1913,60,252
15248,16,0,7,9,2241,1920,60,261
15249,28,1,28,-1,2269,1948,61,260
15250,2,1,8,-7,2271,1956,62,253
15251,11,0,8,3,2282,1964,62,256
15252,32,2,4,26,2314,1968,64,282
15253,0,2,48,-50,2314,2016,66,232
15254,16,0,39,-23,2330,2055,66,209
15255,6,0,23,-17,2336,2078,66,192
15256,5,0,11,-6,2341,2089,66,186
15257,12,2,17,-7,2353,2106,68,179
15258,22,0,12,10,2375,2118,68,189
15259,60,0,3,57,2435,2121,68,246
15260,2,0,20,-18,2437,2141,68,228
15261,4,2,11,-9,2441,2152,70,219
15262,48,2,15,31,2489,2167,72,250
15263,0,0,21,-21,2489,2188,72,229
15264,45,2,9,34,2534,2197,74,263
15265,5,0,6,-1,2539,2203,74,262
15266,33,0,12,21,2572,2215,74,283
15267,87,0,10,77,2659,2225,74,360
15268,12,0,16,-4,2671,2241,74,356
15269,82,1,20,61,2753,2261,75,417
15270,6,0,35,-29,2759,2296,75,388
15271,16,0,21,-5,2775,2317,75,383
15272,0,0,9,-9,2775,2326,75,374
15273,41,0,31,10,2816,2357,75,384
15274,23,1,33,-11,2839,2390,76,373
15275,0,0,27,-27,2839,2417,76,346
15276,83,0,24,59,2922,2441,76,405
15277,9,1,0,8,2931,2441,77,413
15278,2,0,106,-104,2933,2547,77,309
15279,7,0,28,-21,2940,2575,77,288
15280,7,0,36,-29,2947,2611,77,259
15281,2,0,46,-44,2949,2657,77,215
15282,0,0,36,-36,2949,2693,77,179
15283,10,0,16,-6,2959,2709,77,173
15284,1,1,48,-48,2960,2757,78,125
15285,4,0,0,4,2964,2757,78,129
15286,0,0,17,-17,2964,2774,78,112
15287,3,0,0,3,2967,2774,78,115
15288,2,0,22,-20,2969,2796,78,95
15289,0,1,1,-2,2969,2797,79,93
15290,3,1,4,-2,2972,2801,80,91
15291,3,0,13,-10,2975,2814,80,81
15292,0,0,0,0,2975,2814,80,81
15293,7,0,2,5,2982,2816,80,86
15294,19,4,18,-3,3001,2834,84,83
15295,2,0,3,-1,3003,2837,84,82
15296,2,0,1,1,3005,2838,84,83
15297,2,0,0,2,3007,2838,84,85
15298,0,0,6,-6,3007,2844,84,79
15299,10,0,2,8,3017,2846,84,87
15300,0,0,5,-5,3017,2851,84,82
15301,4,0,1,3,3021,2852,84,85
15302,0,0,6,-6,3021,2858,84,79
15303,10,1,2,7,3031,2860,85,86
15304,0,0,5,-5,3031,2865,85,81
15305,0,0,0,0,3031,2865,85,81
15306,1,0,5,-4,3032,2870,85,77
15307,5,0,0,5,3037,2870,85,82
15308,8,0,1,7,3045,2871,85,89
15309,4,0,3,1,3049,2874,85,90
15310,0,0,3,-3,3049,2877,85,87
15311,0,0,0,0,3049,2877,85,87
15312,5,0,14,-9,3054,2891,85,78
15313,0,0,1,-1,3054,2892,85,77
15314,0,2,1,-3,3054,2893,87,74
15315,0,0,1,-1,3054,2894,87,73
15316,0,1,4,-5,3054,2898,88,68
15317,0,0,7,-7,3054,2905,88,61
15318,3,0,3,0,3057,2908,88,61
15319,0,0,0,0,3057,2908,88,61
15320,0,0,0,0,3057,2908,88,61
15321,0,0,2,-2,3057,2910,88,59
15322,5,0,0,5,3062,2910,88,64
15323,1,0,48,-47,3063,2958,88,17
15324,2,0,0,2,3065,2958,88,19
15325,0,0,0,0,3065,2958,88,19
15326,8,0,0,8,3073,2958,88,27
15327,0,0,0,0,3073,2958,88,27
15328,18,1,7,10,3091,2965,89,37
15329,19,2,1,16,3110,2966,91,53
15330,0,0,3,-3,3110,2969,91,50
15331,0,0,0,0,3110,2969,91,50
15332,29,0,0,29,3139,2969,91,79
15333,18,0,3,15,3157,2972,91,94
15334,15,0,11,4,3172,2983,91,98
15335,0,0,24,-24,3172,3007,91,74
15336,91,1,2,88,3263,3009,92,162
15337,0,0,11,-11,3263,3020,92,151
15338,3,0,4,-1,3266,3024,92,150
15339,24,3,60,-39,3290,3084,95,111
15340,0,0,32,-32,3290,3116,95,79
15341,5,0,10,-5,3295,3126,95,74
15342,11,0,6,5,3306,3132,95,79
15343,0,0,5,-5,3306,3137,95,74
15344,15,0,6,9,3321,3143,95,83
15345,1,0,2,-1,3322,3145,95,82
15346,20,1,6,13,3342,3151,96,95
15347,12,0,27,-15,3354,3178,96,80
15348,11,0,0,11,3365,3178,96,91
15349,0,0,1,-1,3365,3179,96,90
15350,3,0,4,-1,3368,3183,96,89
15351,0,0,3,-3,3368,3186,96,86
15352,47,1,3,43,3415,3189,97,129
15353,50,2,0,48,3465,3189,99,177
15354,30,2,9,19,3495,3198,101,196
15355,64,0,7,57,3559,3205,101,253
15356,44,0,1,43,3603,3206,101,296
15357,0,0,38,-38,3603,3244,101,258
15358,73,0,3,70,3676,3247,101,328
15359,12,0,16,-4,3688,3263,101,324
15360,7,0,20,-13,3695,3283,101,311
15361,146,3,25,118,3841,3308,104,429
15362,25,0,16,9,3866,3324,104,438
15363,0,0,30,-30,3866,3354,104,408
15364,1,0,35,-34,3867,3389,104,374
15365,13,0,16,-3,3880,3405,104,371
15366,8,0,33,-25,3888,3438,104,346
15367,0,0,22,-22,3888,3460,104,324
15368,46,0,67,-21,3934,3527,104,303
15369,15,1,32,-18,3949,3559,105,285
15370,12,0,4,8,3961,3563,105,293
15371,8,1,44,-37,3969,3607,106,256
15372,11,0,21,-10,3980,3628,106,246
15373,31,0,10,21,4011,3638,106,267
15374,0,0,24,-24,4011,3662,106,243
15375,43,0,24,19,4054,3686,106,262
15376,3,0,4,-1,4057,3690,106,261
15377,8,0,0,8,4065,3690,106,269
15378,9,0,0,9,4074,3690,106,278
15379,6,1,151,-146,4080,3841,107,132
15380,28,0,27,1,4108,3868,107,133
15381,14,1,9,4,4122,3877,108,137
15382,7,0,2,5,4129,3879,108,142
15383,13,0,7,6,4142,3886,108,148
15384,16,2,3,11,4158,3889,110,159
15385,3,0,0,3,4161,3889,110,162
15386,7,0,25,-18,4168,3914,110,144
15387,4,2,7,-5,4172,3921,112,139
15388,1,1,7,-7,4173,3928,113,132
15389,55,1,3,51,4228,3931,114,183
15390,16,1,15,0,4244,3946,115,183
15391,39,0,14,25,4283,3960,115,208
15392,25,0,2,23,4308,3962,115,231
15393,3,2,9,-8,4311,3971,117,223
15394,59,2,9,48,4370,3980,119,271
15395,30,0,6,24,4400,3986,119,295
15396,23,1,12,10,4423,3998,120,305
15397,14,0,3,11,4437,4001,120,316
15398,11,1,14,-4,4448,4015,121,312
15399,22,1,20,1,4470,4035,122,313
15400,0,0,17,-17,4470,4052,122,296
15401,31,0,17,14,4501,4069,122,310
15402,26,0,21,5,4527,4090,122,315
15403,14,0,62,-48,4541,4152,122,267
15404,29,1,9,19,4570,4161,123,286
15405,4,0,27,-23,4574,4188,123,263
15406,19,0,11,8,4593,4199,123,271
15407,19,1,10,8,4612,4209,124,279
15408,22,0,3,19,4634,4212,124,298
15409,4,0,3,1,4638,4215,124,299
15410,10,2,11,-3,4648,4226,126,296
15411,47,0,13,34,4695,4239,126,330
15412,6,0,12,-6,4701,4251,126,324
15413,18,2,9,7,4719,4260,128,331
15414,2,0,17,-15,4721,4277,128,316
15415,10,3,12,-5,4731,4289,131,311
15416,2,0,9,-7,4733,4298,131,304
15417,22,2,22,-2,4755,4320,133,302
15418,19,0,17,2,4774,4337,133,304
15419,2,2,11,-11,4776,4348,135,293
15420,18,0,10,8,4794,4358,135,301
15421,4,1,20,-17,4798,4378,136,284
15422,4,0,16,-12,4802,4394,136,272
15423,17,0,6,11,4819,4400,136,283
15424,23,0,7,16,4842,4407,136,299
15425,9,0,17,-8,4851,4424,136,291
15426,13,1,10,2,4864,4434,137,293
15427,2,1,0,1,4866,4434,138,294
15428,0,0,4,-4,4866,4438,138,290
15429,0,0,21,-21,4866,4459,138,269
15430,14,0,2,12,4880,4461,138,281
15431,0,1,3,-4,4880,4464,139,277
15432,23,0,27,-4,4903,4491,139,273
15433,51,1,23,27,4954,4514,140,300
15434,7,0,3,4,4961,4517,140,304
15435,3,0,6,-3,4964,4523,140,301
15436,3,1,5,-3,4967,4528,141,298
15437,16,0,11,5,4983,4539,141,303
15438,34,0,155,-121,5017,4694,141,182
15439,3,0,12,-9,5020,4706,141,173
15440,17,0,5,12,5037,4711,141,185
15441,2,1,2,-1,5039,4713,142,184
15442,2,0,16,-14,5041,4729,142,170
15443,34,0,27,7,5075,4756,142,177
15444,0,2,2,-4,5075,4758,144,173
15445,7,0,8,-1,5082,4766,144,172
15446,21,0,13,8,5103,4779,144,180
15447,8,1,8,-1,5111,4787,145,179
15448,8,0,0,8,5119,4787,145,187
15449,2,0,14,-12,5121,4801,145,175
15450,10,1,24,-15,5131,4825,146,160
15451,8,0,10,-2,5139,4835,146,158
15452,23,1,2,20,5162,4837,147,178
15453,10,0,2,8,5172,4839,147,186
15454,19,0,3,16,5191,4842,147,202
15455,11,1,7,3,5202,4849,148,205
15456,0,1,11,-12,5202,4860,149,193
15457,7,1,8,-2,5209,4868,150,191
15458,16,0,4,12,5225,4872,150,203
15459,0,0,3,-3,5225,4875,150,200
15460,15,0,5,10,5240,4880,150,210
15461,7,0,1,6,5247,4881,150,216
15462,10,0,0,10,5257,4881,150,226
15463,1,0,8,-7,5258,4889,150,219
15464,16,3,26,-13,5274,4915,153,206
15465,7,3,13,-9,5281,4928,156,197
15466,16,1,12,3,5297,4940,157,200
15467,7,0,0,7,5304,4940,157,207
15468,12,1,20,-9,5316,4960,158,198
15469,7,0,7,0,5323,4967,158,198
15470,0,1,7,-8,5323,4974,159,190
15471,9,1,2,6,5332,4976,160,196
15472,0,1,4,-5,5332,4980,161,191
15473,6,0,2,4,5338,4982,161,195
15474,2,0,2,0,5340,4984,161,195
15475,6,0,2,4,5346,4986,161,199
15476,0,0,0,0,5346,4986,161,199
15477,9,0,3,6,5355,4989,161,205
15478,0,0,0,0,5355,4989,161,205
15479,19,0,30,-11,5374,5019,161,194
15480,12,0,1,11,5386,5020,161,205
15481,8,0,10,-2,5394,5030,161,203
15482,6,4,49,-47,5400,5079,165,156
15483,0,1,2,-3,5400,5081,166,153
15484,3,2,3,-2,5403,5084,168,151
15485,4,0,4,0,5407,5088,168,151
15486,4,0,13,-9,5411,5101,168,142
15487,11,0,4,7,5422,5105,168,149
15488,0,1,2,-3,5422,5107,169,146
15489,2,0,0,2,5424,5107,169,148
15490,0,1,1,-2,5424,5108,170,146
15491,0,0,3,-3,5424,5111,170,143
15492,7,0,3,4,5431,5114,170,147
15493,0,0,0,0,5431,5114,170,147
15494,1,0,0,1,5432,5114,170,148
15495,1,0,2,-1,5433,5116,170,147
15496,0,0,2,-2,5433,5118,170,145
15497,3,0,0,3,5436,5118,170,148
15498,2,0,8,-6,5438,5126,170,142
15499,6,0,0,6,5444,5126,170,148
15500,5,0,1,4,5449,5127,170,152
15501,0,0,0,0,5449,5127,170,152
15502,5,0,0,5,5454,5127,170,157
15503,3,0,0,3,5457,5127,170,160
15504,5,0,0,5,5462,5127,170,165
15505,2,0,3,-1,5464,5130,170,164
15506,8,0,3,5,5472,5133,170,169
15507,1,0,1,0,5473,5134,170,169
15508,11,0,0,11,5484,5134,170,180
15509,1,0,0,1,5485,5134,170,181
15510,6,2,102,-98,5491,5236,172,83
15511,11,0,0,11,5502,5236,172,94
15512,4,0,4,0,5506,5240,172,94
15513,0,0,0,0,5506,5240,172,94
15514,4,0,9,-5,5510,5249,172,89
15515,0,0,11,-11,5510,5260,172,78
15516,2,0,2,0,5512,5262,172,78
15517,1,0,4,-3,5513,5266,172,75
15518,10,0,3,7,5523,5269,172,82
15519,0,0,2,-2,5523,5271,172,80
15520,0,0,2,-2,5523,5273,172,78
15521,6,1,2,3,5529,5275,173,81
15522,15,0,0,15,5544,5275,173,96
15523,5,0,0,5,5549,5275,173,101
15524,4,3,53,-52,5553,5328,176,49
15525,4,2,7,-5,5557,5335,178,44
15526,0,2,1,-3,5557,5336,180,41
15527,18,0,0,18,5575,5336,180,59
15528,2,0,0,2,5577,5336,180,61
15529,0,0,1,-1,5577,5337,180,60
15530,28,0,0,28,5605,5337,180,88
15531,9,0,0,9,5614,5337,180,97
15532,10,0,0,10,5624,5337,180,107
15533,66,0,0,66,5690,5337,180,173
15534,0,0,1,-1,5690,5338,180,172
15535,33,0,1,32,5723,5339,180,204
15536,0,0,0,0,5723,5339,180,204
15537,19,0,1,18,5742,5340,180,222
15538,41,1,13,27,5783,5353,181,249
15539,36,0,14,22,5819,5367,181,271
15540,18,0,5,13,5837,5372,181,284
15541,10,1,40,-31,5847,5412,182,253
15542,0,0,3,-3,5847,5415,182,250
15543,27,0,26,1,5874,5441,182,251
15544,25,3,22,0,5899,5463,185,251
15545,14,0,27,-13,5913,5490,185,238
15546,0,0,22,-22,5913,5512,185,216
15547,76,0,18,58,5989,5530,185,274
15548,37,0,3,34,6026,5533,185,308
15549,86,1,15,70,6112,5548,186,378
15550,41,0,7,34,6153,5555,186,412
15551,11,1,26,-16,6164,5581,187,396
15552,25,1,28,-4,6189,5609,188,392
15553,0,0,9,-9,6189,5618,188,383
15554,121,1,0,120,6310,5618,189,503
15555,56,3,21,32,6366,5639,192,535
15556,56,1,68,-13,6422,5707,193,522
15557,63,0,17,46,6485,5724,193,568
15558,153,3,35,115,6638,5759,196,683
15559,53,1,25,27,6691,5784,197,710
15560,102,0,31,71,6793,5815,197,781
15561,134,0,5,129,6927,5820,197,910
15562,22,0,102,-80,6949,5922,197,830
15563,58,0,30,28,7007,5952,197,858
15564,76,7,54,15,7083,6006,204,873
15565,20,1,33,-14,7103,6039,205,859
15566,74,1,20,53,7177,6059,206,912
15567,34,1,33,0,7211,6092,207,912
15568,49,0,45,4,7260,6137,207,916
15569,87,5,119,-37,7347,6256,212,879
15570,194,1,24,169,7541,6280,213,1048
15571,78,2,130,-54,7619,6410,215,994
15572,186,0,32,154,7805,6442,215,1148
15573,119,13,128,-22,7924,6570,228,1126
15574,200,3,29,168,8124,6599,231,1294
15575,94,0,28,66,8218,6627,231,1360
15576,137,6,155,-24,8355,6782,237,1336
15577,278,4,151,123,8633,6933,241,1459
15578,228,9,72,147,8861,7005,250,1606
15579,157,4,61,92,9018,7066,254,1698
15580,164,8,55,101,9182,7121,262,1799
15581,104,14,139,-49,9286,7260,276,1750
15582,133,1,43,89,9419,7303,277,1839
15583,207,14,69,124,9626,7372,291,1963
15584,99,16,209,-126,9725,7581,307,1837
15585,115,4,96,15,9840,7677,311,1852
15586,147,10,133,4,9987,7810,321,1856
15587,169,6,175,-12,10156,7985,327,1844
15588,76,6,115,-45,10232,8100,333,1799
15589,87,8,232,-153,10319,8332,341,1646
15590,62,7,119,-64,10381,8451,348,1582
15591,81,4,40,37,10462,8491,352,1619
15592,1,0,0,1,1,0,0,1
15593,1,1,0,0,2,0,1,1
15594,0,0,0,0,2,0,1,1
15595,0,0,0,0,2,0,1,1
15596,0,0,0,0,2,0,1,1
15597,0,0,0,0,2,0,1,1
15598,0,0,0,0,2,0,1,1
15599,0,0,0,0,2,0,1,1
15600,0,0,0,0,2,0,1,1
15601,1,0,0,1,3,0,1,2
15602,1,0,0,1,4,0,1,3
15603,0,0,0,0,4,0,1,3
15604,1,0,0,1,5,0,1,4
15605,0,0,0,0,5,0,1,4
15606,0,0,0,0,5,0,1,4
15607,0,0,0,0,5,0,1,4
15608,1,0,0,1,6,0,1,5
15609,1,0,0,1,7,0,1,6
15610,0,0,0,0,7,0,1,6
15611,0,0,1,-1,7,1,1,5
15612,1,0,0,1,8,1,1,6
15613,0,0,0,0,8,1,1,6
15614,1,0,2,-1,9,3,1,5
15615,0,0,0,0,9,3,1,5
15616,1,0,0,1,10,3,1,6
15617,0,0,0,0,10,3,1,6
15618,0,0,0,0,10,3,1,6
15619,1,0,0,1,11,3,1,7
15620,0,0,0,0,11,3,1,7
15621,0,0,0,0,11,3,1,7
15622,0,0,0,0,11,3,1,7
15623,0,0,2,-2,11,5,1,5
15624,9,0,0,9,20,5,1,14
15625,0,0,0,0,20,5,1,14
15626,1,0,0,1,21,5,1,15
15627,0,0,0,0,21,5,1,15
15628,8,0,0,8,29,5,1,23
15629,0,0,2,-2,29,7,1,21
15630,0,0,0,0,29,7,1,21
15631,0,0,1,-1,29,8,1,20
15632,0,0,0,0,29,8,1,20
15633,1,0,0,1,30,8,1,21
15634,0,0,0,0,30,8,1,21
15635,0,0,0,0,30,8,1,21
15636,0,0,0,0,30,8,1,21
15637,0,0,0,0,30,8,1,21
15638,0,0,17,-17,30,25,1,4
15639,0,0,0,0,30,25,1,4
15640,0,0,0,0,30,25,1,4
15641,0,0,0,0,30,25,1,4
15642,0,0,0,0,30,25,1,4
15643,6,0,1,5,36,26,1,9
15644,1,0,1,0,37,27,1,9
15645,0,0,0,0,37,27,1,9
15646,3,0,1,2,40,28,1,11
15647,0,0,0,0,40,28,1,11
15648,0,0,0,0,40,28,1,11
15649,0,0,0,0,40,28,1,11
15650,3,0,0,3,43,28,1,14
15651,0,0,0,0,43,28,1,14
15652,0,0,0,0,43,28,1,14
15653,3,0,0,3,46,28,1,17
15654,1,0,1,0,47,29,1,17
15655,0,0,0,0,47,29,1,17
15656,4,0,1,3,51,30,1,20
15657,12,0,3,9,63,33,1,29
15658,10,0,2,8,73,35,1,37
15659,9,0,0,9,82,35,1,46
15660,17,0,1,16,99,36,1,62
15661,4,0,1,3,103,37,1,65
15662,0,0,1,-1,103,38,1,64
15663,19,0,5,14,122,43,1,78
15664,2,0,1,1,124,44,1,79
15665,3,0,3,0,127,47,1,79
15666,6,0,8,-2,133,55,1,77
15667,4,0,9,-5,137,64,1,72
15668,8,1,0,7,145,64,2,79
15669,0,0,0,0,145,64,2,79
15670,1,0,5,-4,146,69,2,75
15671,2,0,27,-25,148,96,2,50
15672,0,0,6,-6,148,102,2,44
15673,0,0,6,-6,148,108,2,38
15674,1,0,0,1,149,108,2,39
15675,0,0,0,0,149,108,2,39
15676,0,0,10,-10,149,118,2,29
15677,0,0,0,0,149,118,2,29
15678,0,0,9,-9,149,127,2,20
15679,0,0,1,-1,149,128,2,19
15680,0,0,3,-3,149,131,2,16
15681,1,0,2,-1,150,133,2,15
15682,0,0,0,0,150,133,2,15
15683,3,0,1,2,153,134,2,17
15684,0,0,1,-1,153,135,2,16
15685,3,0,1,2,156,136,2,18
15686,0,0,1,-1,156,137,2,17
15687,2,0,0,2,158,137,2,19
15688,4,0,0,4,162,137,2,23
15689,2,0,0,2,164,137,2,25
15690,6,0,0,6,170,137,2,31
15691,2,0,3,-1,172,140,2,30
15692,0,0,0,0,172,140,2,30
15693,0,0,1,-1,172,141,2,29
15694,0,0,1,-1,172,142,2,28
15695,1,0,1,0,173,143,2,28
15696,0,0,0,0,173,143,2,28
15697,0,0,3,-3,173,146,2,25
15698,2,0,0,2,175,146,2,27
15699,1,0,5,-4,176,151,2,23
15700,0,0,16,-16,176,167,2,7
15701,0,0,0,0,176,167,2,7
15702,1,0,1,0,177,168,2,7
15703,0,0,0,0,177,168,2,7
15704,4,0,0,4,181,168,2,11
15705,0,0,0,0,181,168,2,11
15706,1,0,2,-1,182,170,2,10
15707,1,0,0,1,183,170,2,11
15708,3,0,0,3,186,170,2,14
15709,1,0,3,-2,187,173,2,12
15710,2,0,1,1,189,174,2,13
15711,3,0,0,3,192,174,2,16
15712,0,0,0,0,192,174,2,16
15713,2,0,0,2,194,174,2,18
15714,0,0,0,0,194,174,2,18
15715,0,0,0,0,194,174,2,18
15716,0,0,0,0,194,174,2,18
15717,0,0,0,0,194,174,2,18
15718,3,0,0,3,197,174,2,21
15719,0,0,2,-2,197,176,2,19
15720,1,0,7,-6,198,183,2,13
15721,0,0,0,0,198,183,2,13
15722,3,0,3,0,201,186,2,13
15723,0,0,3,-3,201,189,2,10
15724,1,0,1,0,202,190,2,10
15725,2,0,0,2,204,190,2,12
15726,0,0,0,0,204,190,2,12
15727,0,0,6,-6,204,196,2,6
15728,0,0,0,0,204,196,2,6
15729,2,0,0,2,206,196,2,8
15730,2,0,0,2,208,196,2,10
15731,5,0,1,4,213,197,2,14
15732,2,0,0,2,215,197,2,16
15733,2,0,2,0,217,199,2,16
15734,3,0,3,0,220,202,2,16
15735,1,0,0,1,221,202,2,17
15736,2,0,0,2,223,202,2,19
15737,4,0,0,4,227,202,2,23
15738,2,0,0,2,229,202,2,25
15739,0,0,2,-2,229,204,2,23
15740,3,0,5,-2,232,209,2,21
15741,4,0,4,0,236,213,2,21
15742,0,0,0,0,236,213,2,21
15743,0,0,2,-2,236,215,2,19
15744,0,0,3,-3,236,218,2,16
15745,4,0,0,4,240,218,2,20
15746,0,0,6,-6,240,224,2,14
15747,0,0,0,0,240,224,2,14
15748,0,0,1,-1,240,225,2,13
15749,1,0,2,-1,241,227,2,12
15750,2,0,2,0,243,229,2,12
15751,0,0,3,-3,243,232,2,9
15752,1,0,0,1,244,232,2,10
15753,0,0,0,0,244,232,2,10
15754,7,0,4,3,251,236,2,13
15755,2,0,0,2,253,236,2,15
15756,11,1,2,8,264,238,3,23
15757,7,0,0,7,271,238,3,30
15758,5,0,0,5,276,238,3,35
15759,8,0,2,6,284,240,3,41
15760,0,0,0,0,284,240,3,41
15761,1,0,5,-4,285,245,3,37
15762,11,0,2,9,296,247,3,46
15763,10,0,0,10,306,247,3,56
15764,1,1,3,-3,307,250,4,53
15765,4,0,13,-9,311,263,4,44
15766,1,0,2,-1,312,265,4,43
15767,1,0,4,-3,313,269,4,40
15768,8,0,1,7,321,270,4,47
15769,14,0,0,14,335,270,4,61
15770,1,0,5,-4,336,275,4,57
15771,1,0,3,-2,337,278,4,55
15772,1,0,1,0,338,279,4,55
15773,0,0,13,-13,338,292,4,42
15774,0,0,9,-9,338,301,4,33
15775,10,0,2,8,348,303,4,41
15776,14,0,1,13,362,304,4,54
15777,10,0,0,10,372,304,4,64
15778,16,1,9,6,388,313,5,70
15779,19,0,4,15,407,317,5,85
15780,5,1,6,-2,412,323,6,83
15781,12,0,6,6,424,329,6,89
15782,5,0,2,3,429,331,6,92
15783,10,0,1,9,439,332,6,101
15784,2,0,0,2,441,332,6,103
15785,14,0,2,12,455,334,6,115
15786,7,0,23,-16,462,357,6,99
15787,13,0,5,8,475,362,6,107
15788,0,0,2,-2,475,364,6,105
15789,1,0,13,-12,476,377,6,93
15790,5,0,26,-21,481,403,6,72
15791,4,0,10,-6,485,413,6,66
15792,4,0,6,-2,489,419,6,64
15793,11,0,12,-1,500,431,6,63
15794,16,1,6,9,516,437,7,72
15795,1,0,15,-14,517,452,7,58
15796,7,0,5,2,524,457,7,60
15797,15,0,5,10,539,462,7,70
15798,6,0,7,-1,545,469,7,69
15799,0,0,3,-3,545,472,7,66
15800,5,0,2,3,550,474,7,69
15801,4,0,2,2,554,476,7,71
15802,1,0,7,-6,555,483,7,65
15803,12,0,13,-1,567,496,7,64
15804,7,0,15,-8,574,511,7,56
15805,5,0,2,3,579,513,7,59
15806,3,0,0,3,582,513,7,62
15807,2,0,12,-10,584,525,7,52
15808,4,0,2,2,588,527,7,54
15809,5,0,7,-2,593,534,7,52
15810,11,0,7,4,604,541,7,56
15811,34,0,6,28,638,547,7,84
15812,15,0,3,12,653,550,7,96
15813,15,0,13,2,668,563,7,98
15814,13,0,4,9,681,567,7,107
15815,16,0,9,7,697,576,7,114
15816,0,0,7,-7,697,583,7,107
15817,10,1,0,9,707,583,8,116
15818,48,0,3,45,755,586,8,161
15819,23,2,4,17,778,590,10,178
15820,11,0,9,2,789,599,10,180
15821,15,0,45,-30,804,644,10,150
15822,0,0,10,-10,804,654,10,140
15823,2,0,7,-5,806,661,10,135
15824,15,0,46,-31,821,707,10,104
15825,12,0,14,-2,833,721,10,102
15826,23,1,0,22,856,721,11,124
15827,10,0,27,-17,866,748,11,107
15828,8,0,7,1,874,755,11,108
15829,9,0,5,4,883,760,11,112
15830,11,1,6,4,894,766,12,116
15831,15,0,5,10,909,771,12,126
15832,19,0,12,7,928,783,12,133
15833,17,0,2,15,945,785,12,148
15834,20,0,11,9,965,796,12,157
15835,18,1,23,-6,983,819,13,151
15836,12,0,23,-11,995,842,13,140
15837,8,0,12,-4,1003,854,13,136
15838,34,1,23,10,1037,877,14,146
15839,14,0,6,8,1051,883,14,154
15840,30,1,9,20,1081,892,15,174
15841,81,0,9,72,1162,901,15,246
15842,26,2,23,1,1188,924,17,247
15843,42,0,30,12,1230,954,17,259
15844,14,1,21,-8,1244,975,18,251
15845,40,0,15,25,1284,990,18,276
15846,22,1,12,9,1306,1002,19,285
15847,13,0,4,9,1319,1006,19,294
15848,28,0,54,-26,1347,1060,19,268
15849,39,0,15,24,1386,1075,19,292
15850,49,1,33,15,1435,1108,20,307
15851,13,0,27,-14,1448,1135,20,293
15852,39,1,53,-15,1487,1188,21,278
15853,41,3,31,7,1528,1219,24,285
15854,50,0,15,35,1578,1234,24,320
15855,35,1,26,8,1613,1260,25,328
15856,32,1,37,-6,1645,1297,26,322
15857,53,1,21,31,1698,1318,27,353
15858,21,0,40,-19,1719,1358,27,334
15859,33,1,29,3,1752,1387,28,337
15860,50,0,5,45,1802,1392,28,382
15861,68,0,22,46,1870,1414,28,428
15862,79,2,54,23,1949,1468,30,451
15863,54,1,16,37,2003,1484,31,488
15864,75,1,64,10,2078,1548,32,498
15865,61,0,43,18,2139,1591,32,516
15866,54,1,38,15,2193,1629,33,531
15867,90,1,34,55,2283,1663,34,586
15868,55,1,55,-1,2338,1718,35,585
15869,80,1,40,39,2418,1758,36,624
15870,60,0,36,24,2478,1794,36,648
15871,60,0,54,6,2538,1848,36,654
15872,50,3,45,2,2588,1893,39,656
15873,51,3,88,-40,2639,1981,42,616
15874,78,3,74,1,2717,2055,45,617
15875,47,3,80,-36,2764,2135,48,581
15876,75,0,49,26,2839,2184,48,607
15877,71,0,39,32,2910,2223,48,639
15878,96,4,89,3,3006,2312,52,642
15879,91,1,63,27,3097,2375,53,669
15880,36,0,37,-1,3133,2412,53,668
15881,88,3,68,17,3221,2480,56,685
15882,62,2,73,-13,3283,2553,58,672
15883,45,3,77,-35,3328,2630,61,637
15884,69,1,43,25,3397,2673,62,662
15885,85,1,97,-13,3482,2770,63,649
15886,60,2,95,-37,3542,2865,65,612
15887,43,1,42,0,3585,2907,66,612
15888,55,3,87,-35,3640,2994,69,577
15889,79,5,60,14,3719,3054,74,591
15890,103,1,114,-12,3822,3168,75,579
15891,94,1,103,-10,3916,3271,76,569
15892,75,2,47,26,3991,3318,78,595
15893,118,0,132,-14,4109,3450,78,581
15894,79,1,63,15,4188,3513,79,596
15895,90,0,76,14,4278,3589,79,610
15896,95,0,71,24,4373,3660,79,634
15897,117,2,78,37,4490,3738,81,671
15898,123,1,103,19,4613,3841,82,690
15899,55,1,67,-13,4668,3908,83,677
15900,69,1,39,29,4737,3947,84,706
15901,38,0,53,-15,4775,4000,84,691
15902,97,1,70,26,4872,4070,85,717
15903,121,0,119,2,4993,4189,85,719
15904,115,1,81,33,5108,4270,86,752
15905,135,1,109,25,5243,4379,87,777
15906,95,1,105,-11,5338,4484,88,766
15907,95,3,77,15,5433,4561,91,781
15908,28,1,55,-28,5461,4616,92,753
15909,89,0,95,-6,5550,4711,92,747
15910,160,3,98,59,5710,4809,95,806
15911,114,1,151,-38,5824,4960,96,768
15912,133,1,119,13,5957,5079,97,781
15913,130,0,74,56,6087,5153,97,837
15914,138,0,122,16,6225,5275,97,853
15915,54,0,12,42,6279,5287,97,895
15916,116,0,19,97,6395,5306,97,992
15917,127,5,247,-125,6522,5553,102,867
15918,85,1,185,-101,6607,5738,103,766
15919,132,1,99,32,6739,5837,104,798
15920,55,1,54,0,6794,5891,105,798
15921,70,0,79,-9,6864,5970,105,789
15922,41,1,43,-3,6905,6013,106,786
15923,236,2,66,168,7141,6079,108,954
15924,45,1,286,-242,7186,6365,109,712
15925,70,1,58,11,7256,6423,110,723
15926,44,1,88,-45,7300,6511,111,678
15927,47,0,87,-40,7347,6598,111,638
15928,27,1,53,-27,7374,6651,112,611
15929,26,0,54,-28,7400,6705,112,583
15930,61,0,83,-22,7461,6788,112,561
15931,32,0,36,-4,7493,6824,112,557
15932,50,0,81,-31,7543,6905,112,526
15933,75,1,85,-11,7618,6990,113,515
15934,37,3,56,-22,7655,7046,116,493
15935,62,1,48,13,7717,7094,117,506
15936,49,1,57,-9,7766,7151,118,497
15937,22,0,16,6,7788,7167,118,503
15938,54,1,17,36,7842,7184,119,539
15939,63,4,60,-1,7905,7244,123,538
15940,68,1,41,26,7973,7285,124,564
15941,86,0,33,53,8059,7318,124,617
15942,49,2,30,17,8108,7348,126,634
15943,91,1,52,38,8199,7400,127,672
15944,50,0,32,18,8249,7432,127,690
15945,59,4,63,-8,8308,7495,131,682
15946,58,1,45,12,8366,7540,132,694
15947,165,1,101,63,8531,7641,133,757
15948,95,3,92,0,8626,7733,136,757
15949,84,3,78,3,8710,7811,139,760
15950,44,1,86,-43,8754,7897,140,717
15951,68,0,41,27,8822,7938,140,744
15952,101,2,83,16,8923,8021,142,760
15953,52,0,93,-41,8975,8114,142,719
15954,75,3,53,19,9050,8167,145,738
15955,94,2,50,42,9144,8217,147,780
15956,63,2,54,7,9207,8271,149,787
15957,89,3,60,26,9296,8331,152,813
15958,68,3,90,-25,9364,8421,155,788
15959,100,2,61,37,9464,8482,157,825
15960,46,0,64,-18,9510,8546,157,807
15961,83,1,103,-21,9593,8649,158,786
15962,60,2,55,3,9653,8704,160,789
15963,102,2,80,20,9755,8784,162,809
15964,62,2,38,22,9817,8822,164,831
15965,72,1,69,2,9889,8891,165,833
15966,95,0,134,-39,9984,9025,165,794
15967,71,2,45,24,10055,9070,167,818
15968,54,2,92,-40,10109,9162,169,778
15969,183,2,142,39,10292,9304,171,817
15970,81,2,57,22,10373,9361,173,839
15971,117,0,66,51,10490,9427,173,890
15972,144,0,34,110,10634,9461,173,1000
15973,188,2,116,70,10822,9577,175,1070
15974,146,2,59,85,10968,9636,177,1155
15975,94,2,46,46,11062,9682,179,1201
15976,114,1,47,66,11176,9729,180,1267
15977,76,4,170,-98,11252,9899,184,1169
15978,152,2,129,21,11404,10028,186,1190
15979,162,0,74,88,11566,10102,186,1278
15980,133,2,91,40,11699,10193,188,1318
15981,339,1,267,71,12038,10460,189,1389
15982,167,2,197,-32,12205,10657,191,1357
15983,263,1,119,143,12468,10776,192,1500
15984,194,4,175,15,12662,10951,196,1515
15985,160,5,321,-166,12822,11272,201,1349
15986,160,4,67,89,12982,11339,205,1438
15987,238,3,115,120,13220,11454,208,1558
15988,226,3,151,72,13446,11605,211,1630
15989,200,2,142,56,13646,11747,213,1686
15990,93,4,89,0,13739,11836,217,1686
15991,82,1,140,-59,13821,11976,218,1627
15992,167,2,223,-58,13988,12199,220,1569
15993,125,1,130,-6,14113,12329,221,1563
15994,168,1,151,16,14281,12480,222,1579
15995,197,1,343,-147,14478,12823,223,1432
15996,267,6,154,107,14745,12977,229,1539
15997,184,3,157,24,14929,13134,232,1563
15998,112,0,132,-20,15041,13266,232,1543
15999,143,1,188,-46,15184,13454,233,1497
16000,211,2,110,99,15395,13564,235,1596
16001,73,2,71,0,15468,13635,237,1596
16002,65,0,132,-67,15533,13767,237,1529
16003,41,2,146,-107,15574,13913,239,1422
16004,75,3,173,-101,15649,14086,242,1321
16005,108,1,214,-107,15757,14300,243,1214
16006,131,2,308,-179,15888,14608,245,1035
16007,164,2,139,23,16052,14747,247,1058
16008,194,2,149,43,16246,14896,249,1101
16009,240,1,88,151,16486,14984,250,1252
16010,190,1,66,123,16676,15050,251,1375
16011,183,0,133,50,16859,15183,251,1425
16012,135,0,99,36,16994,15282,251,1461
16013,166,5,63,98,17160,15345,256,1559
16014,271,2,78,191,17431,15423,258,1750
16015,132,2,102,28,17563,15525,260,1778
16016,183,7,122,54,17746,15647,267,1832
16017,176,2,213,-39,17922,15860,269,1793
16018,245,0,120,125,18167,15980,269,1918
16019,130,0,254,-124,18297,16234,269,1794
16020,90,1,175,-86,18387,16409,270,1708
16021,100,4,152,-56,18487,16561,274,1652
16022,159,0,238,-79,18646,16799,274,1573
16023,279,3,163,113,18925,16962,277,1686
16024,149,3,138,8,19074,17100,280,1694
16025,52,3,189,-140,19126,17289,283,1554
16026,68,4,236,-172,19194,17525,287,1382
16027,113,2,114,-3,19307,17639,289,1379
16028,108,5,156,-53,19415,17795,294,1326
16029,89,4,148,-63,19504,17943,298,1263
16030,97,2,147,-52,19601,18090,300,1211
16031,57,1,194,-138,19658,18284,301,1073
16032,43,0,140,-97,19701,18424,301,976
16033,44,2,124,-82,19745,18548,303,894
16034,75,2,148,-75,19820,18696,305,819
16035,91,2,112,-23,19911,18808,307,796
16036,92,3,119,-30,20003,18927,310,766
16037,73,3,64,6,20076,18991,313,772
16038,81,2,78,1,20157,19069,315,773
16039,49,1,77,-29,20206,19146,316,744
16040,40,3,76,-39,20246,19222,319,705
16041,89,2,75,12,20335,19297,321,717
16042,90,1,61,28,20425,19358,322,745
16043,120,0,74,46,20545,19432,322,791
16044,68,2,74,-8,20613,19506,324,783
16045,126,2,63,61,20739,19569,326,844
16046,103,0,75,28,20842,19644,326,872
16047,102,1,80,21,20944,19724,327,893
16048,88,0,63,25,21032,19787,327,918
16049,159,0,80,79,21191,19867,327,997
16050,248,3,91,154,21439,19958,330,1151
16051,203,5,69,129,21642,20027,335,1280
16052,163,1,93,69,21805,20120,336,1349
16053,170,1,103,66,21975,20223,337,1415
16054,173,4,105,64,22148,20328,341,1479
16055,241,4,89,148,22389,20417,345,1627
16056,223,9,93,121,22612,20510,354,1748
16057,288,5,99,184,22900,20609,359,1932
16058,287,7,122,158,23187,20731,366,2090
16059,322,6,170,146,23509,20901,372,2236
16060,263,8,155,100,23772,21056,380,2336
16061,217,5,169,43,23989,21225,385,2379
16062,516,12,125,379,24505,21350,397,2758
16063,509,13,206,290,25014,21556,410,3048
16064,512,9,152,351,25526,21708,419,3399
16065,457,11,234,212,25983,21942,430,3611
16066,486,15,157,314,26469,22099,445,3925
16067,309,10,271,28,26778,22370,455,3953
16068,275,12,263,0,27053,22633,467,3953
16069,283,17,307,-41,27336,22940,484,3912
16070,286,18,217,51,27622,23157,502,3963
16071,528,9,294,225,28150,23451,511,4188
16072,639,18,411,210,28789,23862,529,4398
16073,594,20,323,251,29383,24185,549,4649
16074,626,11,358,257,30009,24543,560,4906
16075,252,15,397,-160,30261,24940,575,4746
16076,709,16,332,361,30970,25272,591,5107
16077,632,18,449,165,31602,25721,609,5272
16078,595,19,303,273,32197,26024,628,5545
16079,598,17,458,123,32795,26482,645,5668
16080,580,18,485,77,33375,26967,663,5745
16081,449,25,418,6,33824,27385,688,5751
16082,344,26,417,-99,34168,27802,714,5652
16083,831,25,472,334,34999,28274,739,5986
16084,857,17,541,299,35856,28815,756,6285
16085,802,28,492,282,36658,29307,784,6567
16086,862,25,494,343,37520,29801,809,6910
16087,625,21,521,83,38145,30322,830,6993
16088,476,30,614,-168,38621,30936,860,6825
16089,216,21,489,-294,38837,31425,881,6531
16090,689,26,579,84,39526,32004,907,6615
16091,502,25,510,-33,40028,32514,932,6582
16092,395,20,441,-66,40423,32955,952,6516
16093,660,24,649,-13,41083,33604,976,6503
16094,553,15,519,19,41636,34123,991,6522
16095,311,9,583,-281,41947,34706,1000,6241
16096,235,15,546,-326,42182,35252,1015,5915
16097,337,10,682,-355,42519,35934,1025,5560
16098,276,18,419,-161,42795,36353,1043,5399
16099,1,0,0,1,1,0,0,1
16100,3,0,0,3,4,0,0,4
16101,1,0,0,1,5,0,0,5
16102,0,0,0,0,5,0,0,5
16103,0,0,0,0,5,0,0,5
16104,0,0,0,0,5,0,0,5
16105,0,0,0,0,5,0,0,5
16106,0,0,0,0,5,0,0,5
16107,0,0,0,0,5,0,0,5
16108,0,0,0,0,5,0,0,5
16109,0,0,0,0,5,0,0,5
16110,0,0,0,0,5,0,0,5
16111,0,0,0,0,5,0,0,5
16112,0,0,0,0,5,0,0,5
16113,0,0,1,-1,5,1,0,4
16114,0,0,0,0,5,1,0,4
16115,0,0,0,0,5,1,0,4
16116,0,0,0,0,5,1,0,4
16117,0,0,2,-2,5,3,0,2
16118,0,0,0,0,5,3,0,2
16119,0,0,0,0,5,3,0,2
16120,0,0,0,0,5,3,0,2
16121,0,0,0,0,5,3,0,2
16122,1,0,0,1,6,3,0,3
16123,1,0,0,1,7,3,0,4
16124,0,0,0,0,7,3,0,4
16125,0,0,0,0,7,3,0,4
16126,0,0,0,0,7,3,0,4
16127,0,1,0,-1,7,3,1,3
16128,1,0,0,1,8,3,1,4
16129,1,0,0,1,9,3,1,5
16130,0,0,0,0,9,3,1,5
16131,0,0,1,-1,9,4,1,4
16132,0,0,1,-1,9,5,1,3
16133,0,0,1,-1,9,6,1,2
16134,1,0,0,1,10,6,1,3
16135,1,0,0,1,11,6,1,4
16136,0,0,0,0,11,6,1,4
16137,1,0,2,-1,12,8,1,3
16138,0,0,0,0,12,8,1,3
16139,0,0,0,0,12,8,1,3
16140,5,0,0,5,17,8,1,8
16141,0,0,0,0,17,8,1,8
16142,0,0,3,-3,17,11,1,5
16143,0,0,0,0,17,11,1,5
16144,0,0,0,0,17,11,1,5
16145,0,0,1,-1,17,12,1,4
16146,0,0,0,0,17,12,1,4
16147,0,0,1,-1,17,13,1,3
16148,0,0,0,0,17,13,1,3
16149,0,0,0,0,17,13,1,3
16150,1,0,2,-1,18,15,1,2
16151,0,0,0,0,18,15,1,2
16152,0,0,0,0,18,15,1,2
16153,0,0,0,0,18,15,1,2
16154,0,0,0,0,18,15,1,2
16155,0,0,0,0,18,15,1,2
16156,1,0,1,0,19,16,1,2
16157,0,0,1,-1,19,17,1,1
16158,0,0,0,0,19,17,1,1
16159,0,0,0,0,19,17,1,1
16160,0,0,0,0,19,17,1,1
16161,0,0,0,0,19,17,1,1
16162,1,0,0,1,20,17,1,2
16163,0,0,0,0,20,17,1,2
16164,0,0,0,0,20,17,1,2
16165,0,0,0,0,20,17,1,2
16166,0,0,0,0,20,17,1,2
16167,0,0,0,0,20,17,1,2
16168,0,0,1,-1,20,18,1,1
16169,0,0,0,0,20,18,1,1
16170,0,0,0,0,20,18,1,1
16171,0,0,0,0,20,18,1,1
16172,0,0,0,0,20,18,1,1
16173,0,0,0,0,20,18,1,1
16174,0,0,0,0,20,18,1,1
16175,2,0,0,2,22,18,1,3
16176,0,0,0,0,22,18,1,3
16177,0,0,0,0,22,18,1,3
16178,0,0,1,-1,22,19,1,2
16179,5,0,0,5,27,19,1,7
16180,0,0,0,0,27,19,1,7
16181,0,0,1,-1,27,20,1,6
16182,10,1,0,9,37,20,2,15
16183,1,0,0,1,38,20,2,16
16184,0,0,0,0,38,20,2,16
16185,1,0,0,1,39,20,2,17
16186,10,0,0,10,49,20,2,27
16187,0,0,0,0,49,20,2,27
16188,0,0,0,0,49,20,2,27
16189,4,0,0,4,53,20,2,31
16190,13,0,0,13,66,20,2,44
16191,3,0,0,3,69,20,2,47
16192,8,0,2,6,77,22,2,53
16193,2,0,3,-1,79,25,2,52
16194,0,1,0,-1,79,25,3,51
16195,1,0,1,0,80,26,3,51
16196,6,0,5,1,86,31,3,52
16197,0,0,0,0,86,31,3,52
16198,1,0,0,1,87,31,3,53
16199,0,0,0,0,87,31,3,53
16200,0,0,0,0,87,31,3,53
16201,0,0,9,-9,87,40,3,44
16202,1,0,2,-1,88,42,3,43
16203,1,0,9,-8,89,51,3,35
16204,1,0,3,-2,90,54,3,33
16205,0,0,5,-5,90,59,3,28
16206,9,1,4,4,99,63,4,32
16207,7,0,0,7,106,63,4,39
16208,0,1,0,-1,106,63,5,38
16209,4,0,1,3,110,64,5,41
16210,27,2,1,24,137,65,7,65
16211,3,1,1,1,140,66,8,66
16212,5,0,0,5,145,66,8,71
16213,0,0,0,0,145,66,8,71
16214,1,1,0,0,146,66,9,71
16215,2,0,1,1,148,67,9,72
16216,1,0,5,-4,149,72,9,68
16217,2,0,4,-2,151,76,9,66
16218,7,1,1,5,158,77,10,71
16219,4,0,12,-8,162,89,10,63
16220,6,0,2,4,168,91,10,67
16221,0,0,0,0,168,91,10,67
16222,0,0,0,0,168,91,10,67
16223,25,0,0,25,193,91,10,92
16224,45,3,0,42,238,91,13,134
16225,74,0,0,74,312,91,13,208
16226,98,0,0,98,410,91,13,306
16227,0,1,0,-1,410,91,14,305
16228,21,2,0,19,431,91,16,324
16229,2,1,0,1,433,91,17,325
16230,7,0,0,7,440,91,17,332
16231,2,1,0,1,442,91,18,333
16232,41,0,1,40,483,92,18,373
16233,53,0,0,53,536,92,18,426
16234,0,0,0,0,536,92,18,426
16235,44,1,0,43,580,92,19,469
16236,96,0,1,95,676,93,19,564
16237,0,1,0,-1,676,93,20,563
16238,72,2,98,-28,748,191,22,535
16239,1,1,0,0,749,191,23,535
16240,92,0,0,92,841,191,23,627
16241,25,2,0,23,866,191,25,650
16242,11,0,0,11,877,191,25,661
16243,168,0,0,168,1045,191,25,829
16244,25,2,0,23,1070,191,27,852
16245,63,0,0,63,1133,191,27,915
16246,4,0,0,4,1137,191,27,919
16247,4,2,0,2,1141,191,29,921
16248,70,0,0,70,1211,191,29,991
16249,0,2,0,-2,1211,191,31,989
16250,30,3,0,27,1241,191,34,1016
16251,20,3,0,17,1261,191,37,1033
16252,30,0,0,30,1291,191,37,1063
16253,108,0,0,108,1399,191,37,1171
16254,50,11,0,39,1449,191,48,1210
16255,97,6,0,91,1546,191,54,1301
16256,54,4,56,-6,1600,247,58,1295
16257,33,2,66,-35,1633,313,60,1260
16258,16,3,82,-69,1649,395,63,1191
16259,48,3,1,44,1697,396,66,1235
16260,97,3,8,86,1794,404,69,1321
16261,90,3,31,56,1884,435,72,1377
16262,61,1,0,60,1945,435,73,1437
16263,78,2,0,76,2023,435,75,1513
16264,19,3,0,16,2042,435,78,1529
16265,12,2,58,-48,2054,493,80,1481
16266,98,1,9,88,2152,502,81,1569
16267,106,2,1,103,2258,503,83,1672
16268,145,2,2,141,2403,505,85,1813
16269,124,0,1,123,2527,506,85,1936
16270,212,5,0,207,2739,506,90,2143
16271,153,5,52,96,2892,558,95,2239
16272,140,6,142,-8,3032,700,101,2231
16273,95,12,390,-307,3127,1090,113,1924
16274,109,12,1,96,3236,1091,125,2020
16275,116,4,160,-48,3352,1251,129,1972
16276,175,0,45,130,3527,1296,129,2102
16277,68,4,0,64,3595,1296,133,2166
16278,99,2,366,-269,3694,1662,135,1897
16279,91,7,95,-11,3785,1757,142,1886
16280,50,3,3,44,3835,1760,145,1930
16281,56,1,115,-60,3891,1875,146,1870
16282,91,2,1,88,3982,1876,148,1958
16283,191,3,1,187,4173,1877,151,2145
16284,73,5,149,-81,4246,2026,156,2064
16285,79,13,161,-95,4325,2187,169,1969
16286,146,9,120,17,4471,2307,178,1986
16287,83,3,2,78,4554,2309,181,2064
16288,112,3,158,-49,4666,2467,184,2015
16289,188,6,0,182,4854,2467,190,2197
16290,73,3,150,-80,4927,2617,193,2117
16291,67,7,187,-127,4994,2804,200,1990
16292,70,6,173,-109,5064,2977,206,1881
16293,119,4,99,16,5183,3076,210,1897
16294,72,2,211,-141,5255,3287,212,1756
16295,168,2,165,1,5423,3452,214,1757
16296,123,4,93,26,5546,3545,218,1783
16297,98,2,1,95,5644,3546,220,1878
16298,123,1,0,122,5767,3546,221,2000
16299,77,2,157,-82,5844,3703,223,1918
16300,51,1,105,-55,5895,3808,224,1863
16301,65,3,58,4,5960,3866,227,1867
16302,117,2,148,-33,6077,4014,229,1834
16303,177,6,130,41,6254,4144,235,1875
16304,182,1,130,51,6436,4274,236,1926
16305,115,6,284,-175,6551,4558,242,1751
16306,116,2,211,-97,6667,4769,244,1654
16307,98,2,215,-119,6765,4984,246,1535
16308,80,3,0,77,6845,4984,249,1612
16309,102,3,0,99,6947,4984,252,1711
16310,90,4,3,83,7037,4987,256,1794
16311,88,5,0,83,7125,4987,261,1877
16312,87,2,0,85,7212,4987,263,1962
16313,40,5,0,35,7252,4987,268,1997
16314,13,4,0,9,7265,4987,272,2006
16315,74,4,0,70,7339,4987,276,2076
16316,34,0,1,33,7373,4988,276,2109
16317,21,2,0,19,7394,4988,278,2128
16318,11,1,0,10,7405,4988,279,2138
16319,20,0,0,20,7425,4988,279,2158
16320,30,0,137,-107,7455,5125,279,2051
16321,24,3,176,-155,7479,5301,282,1896
16322,44,5,174,-135,7523,5475,287,1761
16323,35,1,1,33,7558,5476,288,1794
16324,71,0,185,-114,7629,5661,288,1680
16325,27,3,80,-56,7656,5741,291,1624
16326,26,0,251,-225,7682,5992,291,1399
16327,3,0,201,-198,7685,6193,291,1201
16328,29,1,3,25,7714,6196,292,1226
16329,51,1,0,50,7765,6196,293,1276
16330,32,0,0,32,7797,6196,293,1308
16331,45,0,0,45,7842,6196,293,1353
16332,20,0,2,18,7862,6198,293,1371
16333,49,0,0,49,7911,6198,293,1420
16334,21,0,13,8,7932,6211,293,1428
16335,43,3,28,12,7975,6239,296,1440
16336,18,22,115,-119,7993,6354,318,1321
16337,50,1,0,49,8043,6354,319,1370
16338,21,0,0,21,8064,6354,319,1391
16339,42,0,0,42,8106,6354,319,1433
16340,18,0,0,18,8124,6354,319,1451
16341,30,0,2,28,8154,6356,319,1479
16342,6,0,0,6,8160,6356,319,1485
16343,39,5,139,-105,8199,6495,324,1380
16344,24,5,27,-8,8223,6522,329,1372
16345,21,1,4,16,8244,6526,330,1388
16346,11,1,0,10,8255,6526,331,1398
16347,27,4,25,-2,8282,6551,335,1396
16348,10,1,9,0,8292,6560,336,1396
16349,9,2,14,-7,8301,6574,338,1389
16350,10,0,28,-18,8311,6602,338,1371
16351,44,0,6,38,8355,6608,338,1409
16352,14,6,3,5,8369,6611,344,1414
16353,15,0,8,7,8384,6619,344,1421
16354,38,0,119,-81,8422,6738,344,1340
16355,4,0,5,-1,8426,6743,344,1339
16356,18,1,7,10,8444,6750,345,1349
16357,6,0,4,2,8450,6754,345,1351
16358,8,1,8,-1,8458,6762,346,1350
16359,20,4,62,-46,8478,6824,350,1304
16360,29,0,11,18,8507,6835,350,1322
16361,15,0,4,11,8522,6839,350,1333
16362,4,2,54,-52,8526,6893,352,1281
16363,12,2,86,-76,8538,6979,354,1205
16364,8,0,6,2,8546,6985,354,1207
16365,8,0,8,0,8554,6993,354,1207
16366,3,0,55,-52,8557,7048,354,1155
16367,12,0,6,6,8569,7054,354,1161
16368,4,1,13,-10,8573,7067,355,1151
16369,18,0,4,14,8591,7071,355,1165
16370,29,0,9,20,8620,7080,355,1185
16371,30,1,9,20,8650,7089,356,1205
16372,14,1,13,0,8664,7102,357,1205
16373,15,0,1,14,8679,7103,357,1219
16374,19,1,6,12,8698,7109,358,1231
16375,13,0,0,13,8711,7109,358,1244
16376,16,0,16,0,8727,7125,358,1244
16377,9,0,4,5,8736,7129,358,1249
16378,6,0,2,4,8742,7131,358,1253
16379,4,0,9,-5,8746,7140,358,1248
16380,7,0,10,-3,8753,7150,358,1245
16381,8,0,7,1,8761,7157,358,1246
16382,2,0,0,2,8763,7157,358,1248
16383,5,0,10,-5,8768,7167,358,1243
16384,8,2,17,-11,8776,7184,360,1232
16385,29,0,14,15,8805,7198,360,1247
16386,31,3,84,-56,8836,7282,363,1191
16387,42,0,5,37,8878,7287,363,1228
16388,16,1,7,8,8894,7294,364,1236
16389,15,1,14,0,8909,7308,365,1236
16390,10,0,1,9,8919,7309,365,1245
16391,48,4,0,44,8967,7309,369,1289
16392,24,2,5,17,8991,7314,371,1306
16393,11,2,13,-4,9002,7327,373,1302
16394,16,1,36,-21,9018,7363,374,1281
16395,17,1,1,15,9035,7364,375,1296
16396,18,0,0,18,9053,7364,375,1314
16397,2,3,26,-27,9055,7390,378,1287
16398,16,0,143,-127,9071,7533,378,1160
16399,18,1,28,-11,9089,7561,379,1149
16400,11,0,36,-25,9100,7597,379,1124
16401,15,0,6,9,9115,7603,379,1133
16402,11,0,2,9,9126,7605,379,1142
16403,18,0,2,16,9144,7607,379,1158
16404,0,0,5,-5,9144,7612,379,1153
16405,5,0,4,1,9149,7616,379,1154
16406,14,0,9,5,9163,7625,379,1159
16407,18,0,0,18,9181,7625,379,1177
16408,21,0,8,13,9202,7633,379,1190
16409,22,0,7,15,9224,7640,379,1205
16410,4,0,3,1,9228,7643,379,1206
16411,2,0,5,-3,9230,7648,379,1203
16412,22,1,11,10,9252,7659,380,1213
16413,14,0,20,-6,9266,7679,380,1207
16414,10,0,4,6,9276,7683,380,1213
16415,9,0,0,9,9285,7683,380,1222
16416,13,0,8,5,9298,7691,380,1227
16417,14,0,2,12,9312,7693,380,1239
16418,11,1,31,-21,9323,7724,381,1218
16419,47,0,1,46,9370,7725,381,1264
16420,3,0,21,-18,9373,7746,381,1246
16421,17,0,5,12,9390,7751,381,1258
16422,8,0,0,8,9398,7751,381,1266
16423,1,2,3,-4,9399,7754,383,1262
16424,4,0,0,4,9403,7754,383,1266
16425,0,0,0,0,9403,7754,383,1266
16426,0,0,0,0,9403,7754,383,1266
16427,0,0,0,0,9403,7754,383,1266
16428,32,0,5,27,9435,7759,383,1293
16429,13,0,9,4,9448,7768,383,1297
16430,8,0,18,-10,9456,7786,383,1287
16431,1,0,0,1,9457,7786,383,1288
16432,1,0,5,-4,9458,7791,383,1284
16433,29,0,7,22,9487,7798,383,1306
16434,26,0,8,18,9513,7806,383,1324
16435,10,1,0,9,9523,7806,384,1333
16436,8,0,21,-13,9531,7827,384,1320
16437,3,1,8,-6,9534,7835,385,1314
16438,7,0,0,7,9541,7835,385,1321
16439,2,0,16,-14,9543,7851,385,1307
16440,14,0,4,10,9557,7855,385,1317
16441,13,3,6,4,9570,7861,388,1321
16442,10,0,2,8,9580,7863,388,1329
16443,9,0,4,5,9589,7867,388,1334
16444,16,0,18,-2,9605,7885,388,1332
16445,4,0,0,4,9609,7885,388,1336
16446,7,0,4,3,9616,7889,388,1339
16447,26,0,26,0,9642,7915,388,1339
16448,0,0,4,-4,9642,7919,388,1335
16449,19,0,0,19,9661,7919,388,1354
16450,6,1,7,-2,9667,7926,389,1352
16451,14,0,0,14,9681,7926,389,1366
16452,5,0,28,-23,9686,7954,389,1343
16453,0,0,6,-6,9686,7960,389,1337
16454,10,0,21,-11,9696,7981,389,1326
16455,6,0,3,3,9702,7984,389,1329
16456,10,0,3,7,9712,7987,389,1336
16457,16,0,0,16,9728,7987,389,1352
16458,15,0,23,-8,9743,8010,389,1344
16459,0,0,0,0,9743,8010,389,1344
16460,20,0,3,17,9763,8013,389,1361
16461,15,1,8,6,9778,8021,390,1367
16462,13,1,0,12,9791,8021,391,1379
16463,6,3,2,1,9797,8023,394,1380
16464,15,0,16,-1,9812,8039,394,1379
16465,21,2,6,13,9833,8045,396,1392
16466,12,0,19,-7,9845,8064,396,1385
16467,8,1,6,1,9853,8070,397,1386
16468,9,0,0,9,9862,8070,397,1395
16469,30,0,2,28,9892,8072,397,1423
16470,11,0,1,10,9903,8073,397,1433
16471,9,0,6,3,9912,8079,397,1436
16472,6,0,6,0,9918,8085,397,1436
16473,4,0,2,2,9922,8087,397,1438
16474,11,1,0,10,9933,8087,398,1448
16475,13,1,31,-19,9946,8118,399,1429
16476,39,0,21,18,9985,8139,399,1447
16477,42,1,7,34,10027,8146,400,1481
16478,28,1,6,21,10055,8152,401,1502
16479,20,3,5,12,10075,8157,404,1514
16480,7,0,0,7,10082,8157,404,1521
16481,24,2,17,5,10106,8174,406,1526
16482,28,0,35,-7,10134,8209,406,1519
16483,26,0,21,5,10160,8230,406,1524
16484,40,1,101,-62,10200,8331,407,1462
16485,22,0,121,-99,10222,8452,407,1363
16486,35,1,113,-79,10257,8565,408,1284
16487,43,1,100,-58,10300,8665,409,1226
16488,13,1,101,-89,10313,8766,410,1137
16489,52,6,113,-67,10365,8879,416,1070
16490,64,2,114,-52,10429,8993,418,1018
16491,87,2,105,-20,10516,9098,420,998
16492,91,2,9,80,10607,9107,422,1078
16493,46,5,107,-66,10653,9214,427,1012
16494,24,2,111,-89,10677,9325,429,923
16495,67,3,33,31,10744,9358,432,954
16496,70,0,10,60,10814,9368,432,1014
16497,71,4,107,-40,10885,9475,436,974
16498,82,3,56,23,10967,9531,439,997
16499,78,1,83,-6,11045,9614,440,991
16500,124,2,119,3,11169,9733,442,994
16501,68,7,53,8,11237,9786,449,1002
16502,56,1,14,41,11293,9800,450,1043
16503,98,5,9,84,11391,9809,455,1127
16504,91,6,18,67,11482,9827,461,1194
16505,107,1,38,68,11589,9865,462,1262
16506,113,4,114,-5,11702,9979,466,1257
16507,100,4,5,91,11802,9984,470,1348
16508,28,6,93,-71,11830,10077,476,1277
16509,68,5,87,-24,11898,10164,481,1253
16510,100,2,32,66,11998,10196,483,1319
16511,128,3,32,93,12126,10228,486,1412
16512,26,1,22,3,12152,10250,487,1415
16513,5,3,18,-16,12157,10268,490,1399
16514,57,2,12,43,12214,10280,492,1442
16515,35,2,74,-41,12249,10354,494,1401
16516,91,5,22,64,12340,10376,499,1465
16517,128,4,74,50,12468,10450,503,1515
16518,147,9,62,76,12615,10512,512,1591
16519,199,3,2,194,12814,10514,515,1785
16520,176,9,102,65,12990,10616,524,1850
16521,135,6,9,120,13125,10625,530,1970
16522,104,6,92,6,13229,10717,536,1976
16523,167,8,257,-98,13396,10974,544,1878
16524,185,9,151,25,13581,11125,553,1903
16525,267,4,38,225,13848,11163,557,2128
16526,230,7,128,95,14078,11291,564,2223
16527,260,8,145,107,14338,11436,572,2330
16528,293,7,126,160,14631,11562,579,2490
16529,270,3,117,150,14901,11679,582,2640
16530,116,15,132,-31,15017,11811,597,2609
16531,122,1,120,1,15139,11931,598,2610
16532,101,2,1,98,15240,11932,600,2708
16533,214,7,48,159,15454,11980,607,2867
16534,209,9,39,161,15663,12019,616,3028
16535,206,3,122,81,15869,12141,619,3109
16536,196,2,139,55,16065,12280,621,3164
16537,130,8,189,-67,16195,12469,629,3097
16538,157,5,68,84,16352,12537,634,3181
16539,226,15,114,97,16578,12651,649,3278
16540,247,8,35,204,16825,12686,657,3482
16541,284,7,87,190,17109,12773,664,3672
16542,108,14,189,-95,17217,12962,678,3577
16543,159,6,38,115,17376,13000,684,3692
16544,166,6,47,113,17542,13047,690,3805
16545,155,8,281,-134,17697,13328,698,3671
16546,133,9,50,74,17830,13378,707,3745
16547,140,4,88,48,17970,13466,711,3793
16548,150,2,67,81,18120,13533,713,3874
16549,116,7,78,31,18236,13611,720,3905
16550,93,3,20,70,18329,13631,723,3975
16551,47,12,198,-163,18376,13829,735,3812
16552,63,10,79,-26,18439,13908,745,3786
16553,156,6,224,-74,18595,14132,751,3712
16554,73,6,111,-44,18668,14243,757,3668
16555,103,6,57,40,18771,14300,763,3708
16556,81,6,90,-15,18852,14390,769,3693
16557,59,4,40,15,18911,14430,773,3708
16558,104,14,30,60,19015,14460,787,3768
16559,133,10,87,36,19148,14547,797,3804
16560,98,11,116,-29,19246,14663,808,3775
16561,92,3,54,35,19338,14717,811,3810
16562,94,8,259,-173,19432,14976,819,3637
16563,72,6,209,-143,19504,15185,825,3494
16564,72,1,67,4,19576,15252,826,3498
16565,34,7,21,6,19610,15273,833,3504
16566,174,2,72,100,19784,15345,835,3604
16567,114,7,31,76,19898,15376,842,3680
16568,162,7,52,103,20060,15428,849,3783
16569,80,13,108,-41,20140,15536,862,3742
16570,133,2,16,115,20273,15552,864,3857
16571,67,3,43,21,20340,15595,867,3878
16572,36,6,181,-151,20376,15776,873,3727
16573,162,7,138,17,20538,15914,880,3744
16574,116,8,20,88,20654,15934,888,3832
16575,100,9,82,9,20754,16016,897,3841
16576,64,5,50,9,20818,16066,902,3850
16577,69,13,39,17,20887,16105,915,3867
16578,63,8,86,-31,20950,16191,923,3836
16579,11,3,49,-41,20961,16240,926,3795
16580,52,0,11,41,21013,16251,926,3836
16581,51,4,36,11,21064,16287,930,3847
16582,103,1,57,45,21167,16344,931,3892
16583,145,3,33,109,21312,16377,934,4001
16584,212,3,41,168,21524,16418,937,4169
16585,200,5,47,148,21724,16465,942,4317
16586,160,5,56,99,21884,16521,947,4416
16587,226,8,70,148,22110,16591,955,4564
16588,237,5,40,192,22347,16631,960,4756
16589,231,10,40,181,22578,16671,970,4937
16590,240,10,66,164,22818,16737,980,5101
16591,228,8,161,59,23046,16898,988,5160
16592,204,6,67,131,23250,16965,994,5291
16593,62,2,188,-128,23312,17153,996,5163
16594,259,14,165,80,23571,17318,1010,5243
16595,351,10,99,242,23922,17417,1020,5485
16596,285,18,134,133,24207,17551,1038,5618
16597,383,4,193,186,24590,17744,1042,5804
16598,343,13,184,146,24933,17928,1055,5950
16599,285,11,327,-53,25218,18255,1066,5897
16600,152,20,137,-5,25370,18392,1086,5892
16601,379,7,95,277,25749,18487,1093,6169
16602,385,5,151,229,26134,18638,1098,6398
16603,181,30,375,-224,26315,19013,1128,6174
16604,411,9,383,19,26726,19396,1137,6193
16605,397,16,562,-181,27123,19958,1153,6012
16606,310,10,1033,-733,27433,20991,1163,5279
16607,341,27,136,178,27774,21127,1190,5457
16608,390,12,218,160,28164,21345,1202,5617
16609,383,10,176,197,28547,21521,1212,5814
16610,1,1,0,0,1,0,1,0
16611,0,0,0,0,1,0,1,0
16612,0,0,0,0,1,0,1,0
16613,1,0,0,1,2,0,1,1
16614,0,0,0,0,2,0,1,1
16615,0,0,0,0,2,0,1,1
16616,0,0,0,0,2,0,1,1
16617,0,0,0,0,2,0,1,1
16618,0,0,0,0,2,0,1,1
16619,2,0,0,2,4,0,1,3
16620,0,0,0,0,4,0,1,3
16621,0,0,0,0,4,0,1,3
16622,0,0,0,0,4,0,1,3
16623,0,0,0,0,4,0,1,3
16624,0,0,0,0,4,0,1,3
16625,0,0,0,0,4,0,1,3
16626,0,0,0,0,4,0,1,3
16627,0,0,0,0,4,0,1,3
16628,0,0,1,-1,4,1,1,2
16629,0,0,0,0,4,1,1,2
16630,0,0,0,0,4,1,1,2
16631,4,0,0,4,8,1,1,6
16632,0,0,0,0,8,1,1,6
16633,0,0,0,0,8,1,1,6
16634,0,0,0,0,8,1,1,6
16635,0,0,0,0,8,1,1,6
16636,0,0,0,0,8,1,1,6
16637,0,0,0,0,8,1,1,6
16638,0,1,0,-1,8,1,2,5
16639,4,0,0,4,12,1,2,9
16640,0,0,0,0,12,1,2,9
16641,0,0,0,0,12,1,2,9
16642,0,0,0,0,12,1,2,9
16643,0,0,0,0,12,1,2,9
16644,0,0,0,0,12,1,2,9
16645,0,0,0,0,12,1,2,9
16646,2,0,0,2,14,1,2,11
16647,0,0,0,0,14,1,2,11
16648,0,0,0,0,14,1,2,11
16649,23,0,0,23,37,1,2,34
16650,0,0,0,0,37,1,2,34
16651,0,0,0,0,37,1,2,34
16652,3,0,0,3,40,1,2,37
16653,0,0,0,0,40,1,2,37
16654,2,0,0,2,42,1,2,39
16655,11,0,0,11,53,1,2,50
16656,3,0,0,3,56,1,2,53
16657,9,0,0,9,65,1,2,62
16658,1,0,0,1,66,1,2,63
16659,1,0,0,1,67,1,2,64
16660,0,0,6,-6,67,7,2,58
16661,2,0,2,0,69,9,2,58
16662,0,0,0,0,69,9,2,58
16663,0,0,0,0,69,9,2,58
16664,0,0,0,0,69,9,2,58
16665,0,0,0,0,69,9,2,58
16666,0,1,2,-3,69,11,3,55
16667,0,0,8,-8,69,19,3,47
16668,2,0,1,1,71,20,3,48
16669,1,0,2,-1,72,22,3,47
16670,14,0,0,14,86,22,3,61
16671,5,0,0,5,91,22,3,66
16672,0,0,3,-3,91,25,3,63
16673,1,0,0,1,92,25,3,64
16674,0,0,0,0,92,25,3,64
16675,0,0,0,0,92,25,3,64
16676,0,1,0,-1,92,25,4,63
16677,0,0,12,-12,92,37,4,51
16678,0,0,3,-3,92,40,4,48
16679,0,0,0,0,92,40,4,48
16680,0,0,6,-6,92,46,4,42
16681,0,0,1,-1,92,47,4,41
16682,0,0,1,-1,92,48,4,40
16683,3,1,1,1,95,49,5,41
16684,3,1,9,-7,98,58,6,34
16685,3,0,0,3,101,58,6,37
16686,0,0,4,-4,101,62,6,33
16687,3,0,1,2,104,63,6,35
16688,1,0,2,-1,105,65,6,34
16689,0,2,0,-2,105,65,8,32
16690,2,0,3,-1,107,68,8,31
16691,9,0,3,6,116,71,8,37
16692,0,1,1,-2,116,72,9,35
16693,0,0,0,0,116,72,9,35
16694,2,1,0,1,118,72,10,36
16695,0,0,1,-1,118,73,10,35
16696,2,0,5,-3,120,78,10,32
16697,4,0,10,-6,124,88,10,26
16698,1,0,1,0,125,89,10,26
16699,0,1,0,-1,125,89,11,25
16700,0,1,0,-1,125,89,12,24
16701,0,0,0,0,125,89,12,24
16702,4,0,1,3,129,90,12,27
16703,1,0,1,0,130,91,12,27
16704,6,1,3,2,136,94,13,29
16705,1,0,0,1,137,94,13,30
16706,4,0,1,3,141,95,13,33
16707,0,0,0,0,141,95,13,33
16708,3,0,1,2,144,96,13,35
16709,7,1,2,4,151,98,14,39
16710,4,0,1,3,155,99,14,42
16711,3,2,2,-1,158,101,16,41
16712,4,0,1,3,162,102,16,44
16713,1,0,0,1,163,102,16,45
16714,0,0,1,-1,163,103,16,44
16715,5,0,1,4,168,104,16,48
16716,2,0,1,1,170,105,16,49
16717,1,0,1,0,171,106,16,49
16718,2,0,1,1,173,107,16,50
16719,6,0,0,6,179,107,16,56
16720,2,0,3,-1,181,110,16,55
16721,0,0,0,0,181,110,16,55
16722,0,0,1,-1,181,111,16,54
16723,4,0,0,4,185,111,16,58
16724,10,0,5,5,195,116,16,63
16725,1,0,1,0,196,117,16,63
16726,4,0,0,4,200,117,16,67
16727,0,0,0,0,200,117,16,67
16728,0,0,0,0,200,117,16,67
16729,10,0,0,10,210,117,16,77
16730,2,2,1,-1,212,118,18,76
16731,2,0,0,2,214,118,18,78
16732,3,0,0,3,217,118,18,81
16733,1,1,0,0,218,118,19,81
16734,17,0,0,17,235,118,19,98
16735,0,0,0,0,235,118,19,98
16736,3,1,0,2,238,118,20,100
16737,1,0,17,-16,239,135,20,84
16738,1,0,0,1,240,135,20,85
16739,0,0,13,-13,240,148,20,72
16740,3,1,0,2,243,148,21,74
16741,9,0,0,9,252,148,21,83
16742,1,1,1,-1,253,149,22,82
16743,5,0,2,3,258,151,22,85
16744,2,2,0,0,260,151,24,85
16745,4,0,7,-3,264,158,24,82
16746,10,0,0,10,274,158,24,92
16747,3,0,0,3,277,158,24,95
16748,2,0,0,2,279,158,24,97
16749,0,0,0,0,279,158,24,97
16750,1,0,0,1,280,158,24,98
16751,6,0,0,6,286,158,24,104
16752,0,0,1,-1,286,159,24,103
16753,1,0,1,0,287,160,24,103
16754,1,0,0,1,288,160,24,104
16755,0,0,4,-4,288,164,24,100
16756,1,0,1,0,289,165,24,100
16757,11,0,1,10,300,166,24,110
16758,3,0,5,-2,303,171,24,108
16759,2,1,0,1,305,171,25,109
16760,24,0,2,22,329,173,25,131
16761,3,0,0,3,332,173,25,134
16762,11,0,9,2,343,182,25,136
16763,0,0,4,-4,343,186,25,132
16764,6,0,0,6,349,186,25,138
16765,4,0,0,4,353,186,25,142
16766,8,0,0,8,361,186,25,150
16767,3,0,0,3,364,186,25,153
16768,5,1,1,3,369,187,26,156
16769,22,0,0,22,391,187,26,178
16770,0,0,10,-10,391,197,26,168
16771,3,0,0,3,394,197,26,171
16772,3,0,5,-2,397,202,26,169
16773,3,1,8,-6,400,210,27,163
16774,30,1,0,29,430,210,28,192
16775,28,2,0,26,458,210,30,218
16776,8,0,0,8,466,210,30,226
16777,1,0,0,1,467,210,30,227
16778,9,0,27,-18,476,237,30,209
16779,4,0,16,-12,480,253,30,197
16780,30,0,18,12,510,271,30,209
16781,13,0,4,9,523,275,30,218
16782,7,1,1,5,530,276,31,223
16783,6,0,4,2,536,280,31,225
16784,0,0,27,-27,536,307,31,198
16785,5,0,28,-23,541,335,31,175
16786,31,0,18,13,572,353,31,188
16787,7,0,14,-7,579,367,31,181
16788,11,1,12,-2,590,379,32,179
16789,10,2,12,-4,600,391,34,175
16790,45,0,11,34,645,402,34,209
16791,2,0,0,2,647,402,34,211
16792,18,0,19,-1,665,421,34,210
16793,28,0,20,8,693,441,34,218
16794,20,2,15,3,713,456,36,221
16795,9,1,10,-2,722,466,37,219
16796,2,0,0,2,724,466,37,221
16797,4,0,6,-2,728,472,37,219
16798,24,0,29,-5,752,501,37,214
16799,6,0,30,-24,758,531,37,190
16800,4,0,20,-16,762,551,37,174
16801,12,0,20,-8,774,571,37,166
16802,11,1,14,-4,785,585,38,162
16803,11,0,25,-14,796,610,38,148
16804,7,1,30,-24,803,640,39,124
16805,1,0,30,-29,804,670,39,95
16806,3,0,0,3,807,670,39,98
16807,18,0,14,4,825,684,39,102
16808,7,0,0,7,832,684,39,109
16809,7,1,15,-9,839,699,40,100
16810,23,3,2,18,862,701,43,118
16811,15,1,20,-6,877,721,44,112
16812,3,0,0,3,880,721,44,115
16813,35,1,6,28,915,727,45,143
16814,2,0,0,2,917,727,45,145
16815,11,1,20,-10,928,747,46,135
16816,33,0,13,20,961,760,46,155
16817,8,1,0,7,969,760,47,162
16818,26,1,8,17,995,768,48,179
16819,0,0,5,-5,995,773,48,174
16820,22,0,12,10,1017,785,48,184
16821,23,0,3,20,1040,788,48,204
16822,9,0,5,4,1049,793,48,208
16823,32,0,10,22,1081,803,48,230
16824,0,1,0,-1,1081,803,49,229
16825,1,0,0,1,1082,803,49,230
16826,5,3,30,-28,1087,833,52,202
16827,12,2,9,1,1099,842,54,203
16828,18,0,13,5,1117,855,54,208
16829,23,0,33,-10,1140,888,54,198
16830,17,0,5,12,1157,893,54,210
16831,40,2,8,30,1197,901,56,240
16832,38,0,25,13,1235,926,56,253
16833,4,2,22,-20,1239,948,58,233
16834,24,0,27,-3,1263,975,58,230
16835,18,0,16,2,1281,991,58,232
16836,13,0,11,2,1294,1002,58,234
16837,61,1,15,45,1355,1017,59,279
16838,37,1,29,7,1392,1046,60,286
16839,11,2,13,-4,1403,1059,62,282
16840,2,0,4,-2,1405,1063,62,280
16841,14,1,25,-12,1419,1088,63,268
16842,21,1,20,0,1440,1108,64,268
16843,21,2,15,4,1461,1123,66,272
16844,15,0,41,-26,1476,1164,66,246
16845,62,0,15,47,1538,1179,66,293
16846,31,1,25,5,1569,1204,67,298
16847,5,4,43,-42,1574,1247,71,256
16848,13,0,19,-6,1587,1266,71,250
16849,48,1,20,27,1635,1286,72,277
16850,30,1,23,6,1665,1309,73,283
16851,42,1,25,16,1707,1334,74,299
16852,43,3,30,10,1750,1364,77,309
16853,71,0,35,36,1821,1399,77,345
16854,2,0,32,-30,1823,1431,77,315
16855,19,1,18,0,1842,1449,78,315
16856,12,0,29,-17,1854,1478,78,298
16857,59,2,1,56,1913,1479,80,354
16858,90,3,30,57,2003,1509,83,411
16859,35,2,39,-6,2038,1548,85,405
16860,60,3,39,18,2098,1587,88,423
16861,11,1,26,-16,2109,1613,89,407
16862,65,0,29,36,2174,1642,89,443
16863,8,2,0,6,2182,1642,91,449
16864,62,1,19,42,2244,1661,92,491
16865,50,1,30,19,2294,1691,93,510
16866,90,1,20,69,2384,1711,94,579
16867,51,1,32,18,2435,1743,95,597
16868,28,3,38,-13,2463,1781,98,584
16869,80,4,30,46,2543,1811,102,630
16870,156,0,0,156,2699,1811,102,786
16871,80,1,50,29,2779,1861,103,815
16872,171,0,50,121,2950,1911,103,936
16873,51,1,64,-14,3001,1975,104,922
16874,75,2,46,27,3076,2021,106,949
16875,54,0,61,-7,3130,2082,106,942
16876,22,0,2,20,3152,2084,106,962
16877,31,0,28,3,3183,2112,106,965
16878,60,0,50,10,3243,2162,106,975
16879,109,1,62,46,3352,2224,107,1021
16880,2,0,6,-4,3354,2230,107,1017
16881,100,1,73,26,3454,2303,108,1043
16882,20,1,61,-42,3474,2364,109,1001
16883,17,1,65,-49,3491,2429,110,952
16884,40,0,4,36,3531,2433,110,988
16885,72,2,126,-56,3603,2559,112,932
16886,68,5,98,-35,3671,2657,117,897
16887,19,1,71,-53,3690,2728,118,844
16888,45,0,91,-46,3735,2819,118,798
16889,24,1,81,-58,3759,2900,119,740
16890,20,0,75,-55,3779,2975,119,685
16891,42,2,70,-30,3821,3045,121,655
16892,121,2,75,44,3942,3120,123,699
16893,32,1,62,-31,3974,3182,124,668
16894,39,2,91,-54,4013,3273,126,614
16895,49,1,102,-54,4062,3375,127,560
16896,7,2,101,-96,4069,3476,129,464
16897,27,1,71,-45,4096,3547,130,419
16898,51,0,70,-19,4147,3617,130,400
16899,17,3,81,-67,4164,3698,133,333
16900,27,0,75,-48,4191,3773,133,285
16901,35,0,50,-15,4226,3823,133,270
16902,40,1,60,-21,4266,3883,134,249
16903,2,1,41,-40,4268,3924,135,209
16904,25,0,24,1,4293,3948,135,210
16905,20,1,0,19,4313,3948,136,229
16906,50,0,0,50,4363,3948,136,279
16907,15,0,39,-24,4378,3987,136,255
16908,55,1,35,19,4433,4022,137,274
16909,15,1,31,-17,4448,4053,138,257
16910,15,1,30,-16,4463,4083,139,241
16911,18,0,25,-7,4481,4108,139,234
16912,17,0,18,-1,4498,4126,139,233
16913,13,1,32,-20,4511,4158,140,213
16914,16,0,30,-14,4527,4188,140,199
16915,30,0,15,15,4557,4203,140,214
16916,22,1,25,-4,4579,4228,141,210
16917,4,0,24,-20,4583,4252,141,190
16918,13,0,15,-2,4596,4267,141,188
16919,12,0,25,-13,4608,4292,141,175
16920,13,0,20,-7,4621,4312,141,168
16921,6,1,15,-10,4627,4327,142,158
16922,6,0,15,-9,4633,4342,142,149
16923,8,1,15,-8,4641,4357,143,141
16924,6,0,15,-9,4647,4372,143,132
16925,12,0,15,-3,4659,4387,143,129
16926,7,0,15,-8,4666,4402,143,121
16927,11,1,20,-10,4677,4422,144,111
16928,17,0,15,2,4694,4437,144,113
16929,9,0,3,6,4703,4440,144,119
16930,18,0,9,9,4721,4449,144,128
16931,5,0,15,-10,4726,4464,144,118
16932,17,0,0,17,4743,4464,144,135
16933,9,0,0,9,4752,4464,144,144
16934,5,0,0,5,4757,4464,144,149
16935,14,0,0,14,4771,4464,144,163
16936,19,0,0,19,4790,4464,144,182
16937,13,1,69,-57,4803,4533,145,125
16938,22,0,6,16,4825,4539,145,141
16939,42,0,10,32,4867,4549,145,173
16940,16,0,10,6,4883,4559,145,179
16941,11,0,1,10,4894,4560,145,189
16942,20,1,15,4,4914,4575,146,193
16943,13,1,12,0,4927,4587,147,193
16944,6,0,11,-5,4933,4598,147,188
16945,3,0,10,-7,4936,4608,147,181
16946,13,0,10,3,4949,4618,147,184
16947,33,0,14,19,4982,4632,147,203
16948,12,0,0,12,4994,4632,147,215
16949,15,0,10,5,5009,4642,147,220
16950,8,0,0,8,5017,4642,147,228
16951,10,0,21,-11,5027,4663,147,217
16952,40,3,12,25,5067,4675,150,242
16953,8,0,10,-2,5075,4685,150,240
16954,9,0,10,-1,5084,4695,150,239
16955,11,0,15,-4,5095,4710,150,235
16956,27,0,13,14,5122,4723,150,249
16957,3,0,10,-7,5125,4733,150,242
16958,20,0,13,7,5145,4746,150,249
16959,9,0,20,-11,5154,4766,150,238
16960,15,0,15,0,5169,4781,150,238
16961,35,0,25,10,5204,4806,150,248
16962,8,1,21,-14,5212,4827,151,234
16963,20,1,20,-1,5232,4847,152,233
16964,10,1,10,-1,5242,4857,153,232
16965,13,0,15,-2,5255,4872,153,230
16966,3,0,15,-12,5258,4887,153,218
16967,35,0,15,20,5293,4902,153,238
16968,24,0,15,9,5317,4917,153,247
16969,7,0,15,-8,5324,4932,153,239
16970,8,1,15,-8,5332,4947,154,231
16971,5,0,0,5,5337,4947,154,236
16972,27,0,0,27,5364,4947,154,263
16973,10,0,42,-32,5374,4989,154,231
16974,52,0,18,34,5426,5007,154,265
16975,35,0,17,18,5461,5024,154,283
16976,23,0,18,5,5484,5042,154,288
16977,7,0,15,-8,5491,5057,154,280
16978,6,0,15,-9,5497,5072,154,271
16979,38,0,0,38,5535,5072,154,309
16980,14,3,40,-29,5549,5112,157,280
16981,28,1,18,9,5577,5130,158,289
16982,42,0,20,22,5619,5150,158,311
16983,68,0,15,53,5687,5165,158,364
16984,47,0,32,15,5734,5197,158,379
16985,16,0,19,-3,5750,5216,158,376
16986,45,0,30,15,5795,5246,158,391
16987,6,2,27,-23,5801,5273,160,368
16988,25,0,20,5,5826,5293,160,373
16989,15,0,26,-11,5841,5319,160,362
16990,46,2,20,24,5887,5339,162,386
16991,55,0,30,25,5942,5369,162,411
16992,54,1,29,24,5996,5398,163,435
16993,95,1,35,59,6091,5433,164,494
16994,27,1,34,-8,6118,5467,165,486
16995,50,0,31,19,6168,5498,165,505
16996,86,1,40,45,6254,5538,166,550
16997,20,0,21,-1,6274,5559,166,549
16998,90,0,31,59,6364,5590,166,608
16999,40,0,25,15,6404,5615,166,623
17000,114,0,51,63,6518,5666,166,686
17001,42,5,40,-3,6560,5706,171,683
17002,70,1,40,29,6630,5746,172,712
17003,65,0,40,25,6695,5786,172,737
17004,44,0,30,14,6739,5816,172,751
17005,43,0,36,7,6782,5852,172,758
17006,102,0,40,62,6884,5892,172,820
17007,75,1,47,27,6959,5939,173,847
17008,7,1,15,-9,6966,5954,174,838
17009,54,0,38,16,7020,5992,174,854
17010,35,0,41,-6,7055,6033,174,848
17011,50,1,45,4,7105,6078,175,852
17012,65,0,35,30,7170,6113,175,882
17013,76,0,48,28,7246,6161,175,910
17014,37,0,61,-24,7283,6222,175,886
17015,18,0,53,-35,7301,6275,175,851
17016,16,0,40,-24,7317,6315,175,827
17017,50,0,51,-1,7367,6366,175,826
17018,35,0,61,-26,7402,6427,175,800
17019,29,0,40,-11,7431,6467,175,789
17020,4,0,52,-48,7435,6519,175,741
17021,8,0,35,-27,7443,6554,175,714
17022,4,0,17,-13,7447,6571,175,701
17023,26,0,51,-25,7473,6622,175,676
17024,35,0,12,23,7508,6634,175,699
17025,37,0,3,34,7545,6637,175,733
17026,80,0,56,24,7625,6693,175,757
17027,60,0,50,10,7685,6743,175,767
17028,70,0,51,19,7755,6794,175,786
17029,8,1,40,-33,7763,6834,176,753
17030,30,1,55,-26,7793,6889,177,727
17031,27,0,31,-4,7820,6920,177,723
17032,19,0,42,-23,7839,6962,177,700
17033,66,0,41,25,7905,7003,177,725
17034,81,1,63,17,7986,7066,178,742
17035,70,1,62,7,8056,7128,179,749
17036,18,1,20,-3,8074,7148,180,746
17037,40,0,48,-8,8114,7196,180,738
17038,13,0,40,-27,8127,7236,180,711
17039,30,0,36,-6,8157,7272,180,705
17040,67,1,55,11,8224,7327,181,716
17041,53,0,0,53,8277,7327,181,769
17042,63,0,46,17,8340,7373,181,786
17043,35,0,54,-19,8375,7427,181,767
17044,26,0,64,-38,8401,7491,181,729
17045,24,0,77,-53,8425,7568,181,676
17046,33,0,34,-1,8458,7602,181,675
17047,64,1,42,21,8522,7644,182,696
17048,43,1,35,7,8565,7679,183,703
17049,103,1,50,52,8668,7729,184,755
17050,15,0,28,-13,8683,7757,184,742
17051,34,1,79,-46,8717,7836,185,696
17052,49,0,36,13,8766,7872,185,709
17053,30,0,30,0,8796,7902,185,709
17054,70,2,68,0,8866,7970,187,709
17055,81,0,64,17,8947,8034,187,726
17056,85,0,73,12,9032,8107,187,738
17057,46,0,65,-19,9078,8172,187,719
17058,101,0,0,101,9179,8172,187,820
17059,106,0,106,0,9285,8278,187,820
17060,141,0,80,61,9426,8358,187,881
17061,196,2,93,101,9622,8451,189,982
17062,109,0,75,34,9731,8526,189,1016
17063,16,0,70,-54,9747,8596,189,962
17064,10,1,54,-45,9757,8650,190,917
17065,110,0,82,28,9867,8732,190,945
17066,264,1,92,171,10131,8824,191,1116
17067,178,0,84,94,10309,8908,191,1210
17068,139,0,74,65,10448,8982,191,1275
17069,140,0,89,51,10588,9071,191,1326
17070,190,0,67,123,10778,9138,191,1449
17071,100,2,89,9,10878,9227,193,1458
17072,201,0,0,201,11079,9227,193,1659
17073,227,0,144,83,11306,9371,193,1742
17074,264,1,92,171,11570,9463,194,1913
17075,101,0,67,34,11671,9530,194,1947
17076,212,7,91,114,11883,9621,201,2061
17077,161,17,111,33,12044,9732,218,2094
17078,147,0,105,42,12191,9837,218,2136
17079,154,0,92,62,12345,9929,218,2198
17080,247,0,93,154,12592,10022,218,2352
17081,372,0,124,248,12964,10146,218,2600
17082,354,0,93,261,13318,10239,218,2861
17083,217,3,98,116,13535,10337,221,2977
17084,468,3,232,233,14003,10569,224,3210
17085,116,2,133,-19,14119,10702,226,3191
17086,101,0,167,-66,14220,10869,226,3125
17087,197,0,94,103,14417,10963,226,3228
17088,214,1,95,118,14631,11058,227,3346
17089,444,5,208,231,15075,11266,232,3577
17090,259,4,155,100,15334,11421,236,3677
17091,275,8,190,77,15609,11611,244,3754
17092,267,3,121,143,15876,11732,247,3897
17093,274,2,190,82,16150,11922,249,3979
17094,383,0,149,234,16533,12071,249,4213
17095,365,1,127,237,16898,12198,250,4450
17096,399,11,169,219,17297,12367,261,4669
17097,520,1,388,131,17817,12755,262,4800
17098,311,11,437,-137,18128,13192,273,4663
17099,314,5,434,-125,18442,13626,278,4538
17100,331,2,470,-141,18773,14096,280,4397
17101,397,4,480,-87,19170,14576,284,4310
17102,248,5,342,-99,19418,14918,289,4211
17103,402,10,369,23,19820,15287,299,4234
17104,231,3,400,-172,20051,15687,302,4062
17105,107,1,300,-194,20158,15987,303,3868
17106,221,7,300,-86,20379,16287,310,3782
17107,120,11,200,-91,20499,16487,321,3691
17108,206,7,200,-1,20705,16687,328,3690
17109,117,3,200,-86,20822,16887,331,3604
17110,197,8,200,-11,21019,17087,339,3593
17111,265,0,200,65,21284,17287,339,3658
17112,77,4,200,-127,21361,17487,343,3531
17113,75,5,100,-30,21436,17587,348,3501
17114,110,2,100,8,21546,17687,350,3509
17115,28,0,100,-72,21574,17787,350,3437
17116,1,0,0,1,1,0,0,1
17117,0,0,0,0,1,0,0,1
17118,0,0,0,0,1,0,0,1
17119,0,0,0,0,1,0,0,1
17120,0,0,0,0,1,0,0,1
17121,0,0,0,0,1,0,0,1
17122,0,0,0,0,1,0,0,1
17123,0,0,0,0,1,0,0,1
17124,0,0,0,0,1,0,0,1
17125,0,0,0,0,1,0,0,1
17126,0,0,0,0,1,0,0,1
17127,0,0,0,0,1,0,0,1
17128,0,0,0,0,1,0,0,1
17129,0,0,0,0,1,0,0,1
17130,0,0,0,0,1,0,0,1
17131,0,0,1,-1,1,1,0,0
17132,0,0,0,0,1,1,0,0
17133,0,0,0,0,1,1,0,0
17134,0,0,0,0,1,1,0,0
17135,0,0,0,0,1,1,0,0
17136,0,0,0,0,1,1,0,0
17137,2,0,0,2,3,1,0,2
17138,0,0,0,0,3,1,0,2
17139,0,0,0,0,3,1,0,2
17140,7,0,0,7,10,1,0,9
17141,0,0,0,0,10,1,0,9
17142,3,0,0,3,13,1,0,12
17143,0,0,0,0,13,1,0,12
17144,0,0,0,0,13,1,0,12
17145,0,0,0,0,13,1,0,12
17146,0,0,0,0,13,1,0,12
17147,1,0,0,1,14,1,0,13
17148,0,0,0,0,14,1,0,13
17149,1,0,0,1,15,1,0,14
17150,6,0,0,6,21,1,0,20
17151,2,1,0,1,23,1,1,21
17152,0,0,0,0,23,1,1,21
17153,27,0,1,26,50,2,1,47
17154,12,0,4,8,62,6,1,55
17155,14,0,0,14,76,6,1,69
17156,3,0,0,3,79,6,1,72
17157,2,0,0,2,81,6,1,74
17158,3,0,0,3,84,6,1,77
17159,0,0,0,0,84,6,1,77
17160,0,0,0,0,84,6,1,77
17161,0,0,0,0,84,6,1,77
17162,1,0,0,1,85,6,1,78
17163,3,0,1,2,88,7,1,80
17164,0,0,2,-2,88,9,1,78
17165,0,0,0,0,88,9,1,78
17166,2,0,3,-1,90,12,1,77
17167,1,0,0,1,91,12,1,78
17168,1,0,2,-1,92,14,1,77
17169,5,0,0,5,97,14,1,82
17170,0,0,0,0,97,14,1,82
17171,1,0,0,1,98,14,1,83
17172,0,0,0,0,98,14,1,83
17173,0,0,0,0,98,14,1,83
17174,0,0,0,0,98,14,1,83
17175,0,0,0,0,98,14,1,83
17176,5,0,16,-11,103,30,1,72
17177,0,0,0,0,103,30,1,72
17178,2,0,7,-5,105,37,1,67
17179,0,0,0,0,105,37,1,67
17180,1,0,5,-4,106,42,1,63
17181,0,0,0,0,106,42,1,63
17182,2,0,0,2,108,42,1,65
17183,0,0,0,0,108,42,1,65
17184,0,0,0,0,108,42,1,65
17185,0,0,2,-2,108,44,1,63
17186,0,0,0,0,108,44,1,63
17187,0,0,0,0,108,44,1,63
17188,0,0,0,0,108,44,1,63
17189,3,0,0,3,111,44,1,66
17190,0,0,1,-1,111,45,1,65
17191,1,0,1,0,112,46,1,65
17192,0,0,0,0,112,46,1,65
17193,0,0,1,-1,112,47,1,64
17194,1,0,0,1,113,47,1,65
17195,0,0,0,0,113,47,1,65
17196,0,0,0,0,113,47,1,65
17197,0,0,0,0,113,47,1,65
17198,0,0,0,0,113,47,1,65
17199,0,0,0,0,113,47,1,65
17200,5,0,10,-5,118,57,1,60
17201,0,0,0,0,118,57,1,60
17202,0,0,0,0,118,57,1,60
17203,0,0,0,0,118,57,1,60
17204,0,0,0,0,118,57,1,60
17205,0,0,0,0,118,57,1,60
17206,3,0,34,-31,121,91,1,29
17207,0,0,0,0,121,91,1,29
17208,0,0,0,0,121,91,1,29
17209,0,0,0,0,121,91,1,29
17210,0,0,0,0,121,91,1,29
17211,0,0,0,0,121,91,1,29
17212,0,0,0,0,121,91,1,29
17213,0,0,0,0,121,91,1,29
17214,0,0,1,-1,121,92,1,28
17215,0,0,0,0,121,92,1,28
17216,10,0,12,-2,131,104,1,26
17217,0,0,0,0,131,104,1,26
17218,3,0,3,0,134,107,1,26
17219,3,0,4,-1,137,111,1,25
17220,0,0,0,0,137,111,1,25
17221,0,0,0,0,137,111,1,25
17222,0,0,0,0,137,111,1,25
17223,0,0,0,0,137,111,1,25
17224,8,0,0,8,145,111,1,33
17225,0,0,0,0,145,111,1,33
17226,0,0,0,0,145,111,1,33
17227,0,0,0,0,145,111,1,33
17228,0,0,0,0,145,111,1,33
17229,0,0,0,0,145,111,1,33
17230,0,0,0,0,145,111,1,33
17231,6,0,9,-3,151,120,1,30
17232,0,0,0,0,151,120,1,30
17233,0,0,0,0,151,120,1,30
17234,1,0,9,-8,152,129,1,22
17235,0,0,0,0,152,129,1,22
17236,0,0,1,-1,152,130,1,21
17237,0,0,0,0,152,130,1,21
17238,0,0,0,0,152,130,1,21
17239,0,0,0,0,152,130,1,21
17240,3,0,1,2,155,131,1,23
17241,7,0,6,1,162,137,1,24
17242,0,0,0,0,162,137,1,24
17243,0,0,0,0,162,137,1,24
17244,3,0,1,2,165,138,1,26
17245,0,0,0,0,165,138,1,26
17246,0,0,0,0,165,138,1,26
17247,0,0,0,0,165,138,1,26
17248,0,0,0,0,165,138,1,26
17249,0,0,0,0,165,138,1,26
17250,0,0,0,0,165,138,1,26
17251,6,1,10,-5,171,148,2,21
17252,0,0,1,-1,171,149,2,20
17253,0,0,0,0,171,149,2,20
17254,1,0,0,1,172,149,2,21
17255,1,0,0,1,173,149,2,22
17256,1,0,6,-5,174,155,2,17
17257,2,0,1,1,176,156,2,18
17258,0,0,0,0,176,156,2,18
17259,1,0,0,1,177,156,2,19
17260,0,0,0,0,177,156,2,19
17261,2,0,0,2,179,156,2,21
17262,12,0,3,9,191,159,2,30
17263,9,0,4,5,200,163,2,35
17264,2,0,0,2,202,163,2,37
17265,2,0,6,-4,204,169,2,33
17266,2,0,1,1,206,170,2,34
17267,0,1,0,-1,206,170,3,33
17268,3,0,0,3,209,170,3,36
17269,4,1,0,3,213,170,4,39
17270,0,0,0,0,213,170,4,39
17271,0,0,0,0,213,170,4,39
17272,4,1,0,3,217,170,5,42
17273,20,0,2,18,237,172,5,60
17274,0,0,0,0,237,172,5,60
17275,39,0,0,39,276,172,5,99
17276,13,0,1,12,289,173,5,111
17277,13,0,2,11,302,175,5,122
17278,11,0,4,7,313,179,5,129
17279,2,0,1,1,315,180,5,130
17280,6,0,51,-45,321,231,5,85
17281,0,0,0,0,321,231,5,85
17282,11,0,0,11,332,231,5,96
17283,17,1,9,7,349,240,6,103
17284,18,0,0,18,367,240,6,121
17285,21,0,0,21,388,240,6,142
17286,6,0,10,-4,394,250,6,138
17287,8,0,0,8,402,250,6,146
17288,0,0,13,-13,402,263,6,133
17289,4,0,5,-1,406,268,6,132
17290,18,0,6,12,424,274,6,144
17291,5,0,8,-3,429,282,6,141
17292,10,0,3,7,439,285,6,148
17293,9,0,0,9,448,285,6,157
17294,16,0,21,-5,464,306,6,152
17295,1,0,13,-12,465,319,6,140
17296,2,0,14,-12,467,333,6,128
17297,18,0,3,15,485,336,6,143
17298,47,1,7,39,532,343,7,182
17299,19,0,6,13,551,349,7,195
17300,7,0,3,4,558,352,7,199
17301,7,0,0,7,565,352,7,206
17302,0,0,1,-1,565,353,7,205
17303,7,0,9,-2,572,362,7,203
17304,2,0,7,-5,574,369,7,198
17305,1,0,0,1,575,369,7,199
17306,7,0,31,-24,582,400,7,175
17307,2,0,6,-4,584,406,7,171
17308,3,0,0,3,587,406,7,174
17309,1,0,0,1,588,406,7,175
17310,4,0,5,-1,592,411,7,174
17311,13,0,5,8,605,416,7,182
17312,10,0,6,4,615,422,7,186
17313,19,0,12,7,634,434,7,193
17314,15,0,9,6,649,443,7,199
17315,3,0,0,3,652,443,7,202
17316,1,0,0,1,653,443,7,203
17317,14,0,6,8,667,449,7,211
17318,2,0,14,-12,669,463,7,199
17319,10,0,2,8,679,465,7,207
17320,0,0,33,-33,679,498,7,174
17321,2,0,0,2,681,498,7,176
17322,9,0,1,8,690,499,7,184
17323,4,0,1,3,694,500,7,187
17324,24,2,18,4,718,518,9,191
17325,10,0,5,5,728,523,9,196
17326,15,2,9,4,743,532,11,200
17327,8,0,21,-13,751,553,11,187
17328,17,0,4,13,768,557,11,200
17329,10,0,15,-5,778,572,11,195
17330,1,0,8,-7,779,580,11,188
17331,8,0,5,3,787,585,11,191
17332,6,0,0,6,793,585,11,197
17333,12,0,2,10,805,587,11,207
17334,18,3,8,7,823,595,14,214
17335,7,0,13,-6,830,608,14,208
17336,0,0,1,-1,830,609,14,207
17337,11,0,14,-3,841,623,14,204
17338,25,1,4,20,866,627,15,224
17339,33,0,6,27,899,633,15,251
17340,0,0,0,0,899,633,15,251
17341,13,0,21,-8,912,654,15,243
17342,25,0,2,23,937,656,15,266
17343,14,2,6,6,951,662,17,272
17344,8,0,14,-6,959,676,17,266
17345,1,0,1,0,960,677,17,266
17346,42,1,9,32,1002,686,18,298
17347,75,0,2,73,1077,688,18,371
17348,33,0,0,33,1110,688,18,404
17349,27,0,12,15,1137,700,18,419
17350,52,0,1,51,1189,701,18,470
17351,20,0,20,0,1209,721,18,470
17352,33,2,2,29,1242,723,20,499
17353,29,2,2,25,1271,725,22,524
17354,26,1,6,19,1297,731,23,543
17355,29,1,7,21,1326,738,24,564
17356,18,1,0,17,1344,738,25,581
17357,25,1,3,21,1369,741,26,602
17358,59,0,0,59,1428,741,26,661
17359,21,0,13,8,1449,754,26,669
17360,27,3,7,17,1476,761,29,686
17361,33,1,12,20,1509,773,30,706
17362,6,1,20,-15,1515,793,31,691
17363,22,2,19,1,1537,812,33,692
17364,10,1,19,-10,1547,831,34,682
17365,1,0,0,1,1548,831,34,683
17366,12,0,1,11,1560,832,34,694
17367,40,2,37,1,1600,869,36,695
17368,43,0,16,27,1643,885,36,722
17369,65,0,35,30,1708,920,36,752
17370,71,0,7,64,1779,927,36,816
17371,29,2,38,-11,1808,965,38,805
17372,13,2,8,3,1821,973,40,808
17373,86,1,15,70,1907,988,41,878
17374,52,0,83,-31,1959,1071,41,847
17375,37,0,14,23,1996,1085,41,870
17376,16,0,31,-15,2012,1116,41,855
17377,0,1,3,-4,2012,1119,42,851
17378,29,0,4,25,2041,1123,42,876
17379,17,1,3,13,2058,1126,43,889
17380,30,0,7,23,2088,1133,43,912
17381,53,4,66,-17,2141,1199,47,895
17382,26,2,4,20,2167,1203,49,915
17383,14,0,1,13,2181,1204,49,928
17384,35,0,3,32,2216,1207,49,960
17385,19,3,66,-50,2235,1273,52,910
17386,4,0,16,-12,2239,1289,52,898
17387,57,2,14,41,2296,1303,54,939
17388,24,1,38,-15,2320,1341,55,924
17389,79,0,52,27,2399,1393,55,951
17390,51,0,85,-34,2450,1478,55,917
17391,31,1,16,14,2481,1494,56,931
17392,45,3,14,28,2526,1508,59,959
17393,12,1,63,-52,2538,1571,60,907
17394,37,7,0,30,2575,1571,67,937
17395,171,4,18,149,2746,1589,71,1086
17396,56,6,9,41,2802,1598,77,1127
17397,57,1,24,32,2859,1622,78,1159
17398,118,6,30,82,2977,1652,84,1241
17399,67,1,28,38,3044,1680,85,1279
17400,101,3,27,71,3145,1707,88,1350
17401,7,0,0,7,3152,1707,88,1357
17402,192,4,34,154,3344,1741,92,1511
17403,44,0,25,19,3388,1766,92,1530
17404,275,10,68,197,3663,1834,102,1727
17405,271,5,83,183,3934,1917,107,1910
17406,74,1,85,-12,4008,2002,108,1898
17407,121,4,40,77,4129,2042,112,1975
17408,221,8,88,125,4350,2130,120,2100
17409,127,3,26,98,4477,2156,123,2198
17410,116,5,69,42,4593,2225,128,2240
17411,93,4,93,-4,4686,2318,132,2236
17412,163,7,21,135,4849,2339,139,2371
17413,56,3,44,9,4905,2383,142,2380
17414,134,1,20,113,5039,2403,143,2493
17415,173,2,14,157,5212,2417,145,2650
17416,112,2,97,13,5324,2514,147,2663
17417,158,2,11,145,5482,2525,149,2808
17418,389,0,123,266,5871,2648,149,3074
17419,198,1,14,183,6069,2662,150,3257
17420,213,5,89,119,6282,2751,155,3376
17421,83,5,106,-28,6365,2857,160,3348
17422,113,1,69,43,6478,2926,161,3391
17423,90,0,59,31,6568,2985,161,3422
17424,32,1,209,-178,6600,3194,162,3244
17425,185,10,559,-384,6785,3753,172,2860
17426,235,6,71,158,7020,3824,178,3018
17427,252,5,72,175,7272,3896,183,3193
17428,115,3,355,-243,7387,4251,186,2950
17429,130,1,298,-169,7517,4549,187,2781
17430,103,3,90,10,7620,4639,190,2791
17431,224,2,197,25,7844,4836,192,2816
17432,133,3,144,-14,7977,4980,195,2802
17433,176,3,351,-178,8153,5331,198,2624
17434,100,2,103,-5,8253,5434,200,2619
17435,138,17,281,-160,8391,5715,217,2459
17436,195,6,149,40,8586,5864,223,2499
17437,95,21,280,-206,8681,6144,244,2293
17438,202,1,97,104,8883,6241,245,2397
17439,116,4,104,8,8999,6345,249,2405
17440,140,7,97,36,9139,6442,256,2441
17441,108,1,61,46,9247,6503,257,2487
17442,40,5,180,-145,9287,6683,262,2342
17443,117,3,171,-57,9404,6854,265,2285
17444,141,2,188,-49,9545,7042,267,2236
17445,103,2,116,-15,9648,7158,269,2221
17446,150,3,167,-20,9798,7325,272,2201
17447,130,8,211,-89,9928,7536,280,2112
17448,43,1,55,-13,9971,7591,281,2099
17449,134,4,121,9,10105,7712,285,2108
17450,136,3,173,-40,10241,7885,288,2068
17451,114,0,75,39,10355,7960,288,2107
17452,66,1,126,-61,10421,8086,289,2046
17453,128,1,29,98,10549,8115,290,2144
17454,141,6,9,126,10690,8124,296,2270
17455,23,1,232,-210,10713,8356,297,2060
17456,83,0,9,74,10796,8365,297,2134
17457,193,0,193,0,10989,8558,297,2134
17458,220,7,105,108,11209,8663,304,2242
17459,167,0,210,-43,11376,8873,304,2199
17460,96,0,0,96,11472,8873,304,2295
17461,160,1,34,125,11632,8907,305,2420
17462,37,4,90,-57,11669,8997,309,2363
17463,76,1,56,19,11745,9053,310,2382
17464,169,10,73,86,11914,9126,320,2468
17465,98,3,152,-57,12012,9278,323,2411
17466,54,1,108,-55,12066,9386,324,2356
17467,43,0,37,6,12109,9423,324,2362
17468,53,0,56,-3,12162,9479,324,2359
17469,20,0,13,7,12182,9492,324,2366
17470,27,2,498,-473,12209,9990,326,1893
17471,116,4,18,94,12325,10008,330,1987
17472,90,3,270,-183,12415,10278,333,1804
17473,86,2,154,-70,12501,10432,335,1734
17474,79,0,7,72,12580,10439,335,1806
17475,30,2,50,-22,12610,10489,337,1784
17476,32,3,34,-5,12642,10523,340,1779
17477,0,2,20,-22,12642,10543,342,1757
17478,27,2,36,-11,12669,10579,344,1746
17479,15,1,6,8,12684,10585,345,1754
17480,29,3,5,21,12713,10590,348,1775
17481,42,1,611,-570,12755,11201,349,1205
17482,45,0,3,42,12800,11204,349,1247
17483,0,0,2,-2,12800,11206,349,1245
17484,42,0,158,-116,12842,11364,349,1129
17485,116,0,9,107,12958,11373,349,1236
17486,55,1,5,49,13013,11378,350,1285
17487,52,5,120,-73,13065,11498,355,1212
17488,131,0,45,86,13196,11543,355,1298
17489,24,2,57,-35,13220,11600,357,1263
17490,4,1,9,-6,13224,11609,358,1257
17491,26,0,47,-21,13250,11656,358,1236
17492,248,3,338,-93,13498,11994,361,1143
17493,284,0,0,284,13782,11994,361,1427
17494,125,1,64,60,13907,12058,362,1487
17495,27,0,2,25,13934,12060,362,1512
17496,53,1,43,9,13987,12103,363,1521
17497,14,0,52,-38,14001,12155,363,1483
17498,71,0,29,42,14072,12184,363,1525
17499,128,3,284,-159,14200,12468,366,1366
17500,31,0,12,19,14231,12480,366,1385
17501,32,3,45,-16,14263,12525,369,1369
17502,90,5,17,68,14353,12542,374,1437
17503,31,0,20,11,14384,12562,374,1448
17504,252,3,173,76,14636,12735,377,1524
17505,61,1,62,-2,14697,12797,378,1522
17506,59,0,25,34,14756,12822,378,1556
17507,55,2,133,-80,14811,12955,380,1476
17508,273,3,61,209,15084,13016,383,1685
17509,89,6,116,-33,15173,13132,389,1652
17510,77,4,151,-78,15250,13283,393,1574
17511,52,2,13,37,15302,13296,395,1611
17512,60,0,68,-8,15362,13364,395,1603
17513,125,1,167,-43,15487,13531,396,1560
17514,9,1,1,7,15496,13532,397,1567
17515,4,6,49,-51,15500,13581,403,1516
17516,77,1,75,1,15577,13656,404,1517
17517,5,0,32,-27,15582,13688,404,1490
17518,0,0,43,-43,15582,13731,404,1447
17519,53,2,372,-321,15635,14103,406,1126
17520,50,2,90,-42,15685,14193,408,1084
17521,10,0,78,-68,15695,14271,408,1016
17522,12,1,57,-46,15707,14328,409,970
17523,16,2,17,-3,15723,14345,411,967
17524,36,0,43,-7,15759,14388,411,960
17525,50,2,119,-71,15809,14507,413,889
17526,67,1,118,-52,15876,14625,414,837
17527,10,0,72,-62,15886,14697,414,775
17528,21,1,4,16,15907,14701,415,791
17529,1,0,1,0,15908,14702,415,791
17530,175,2,170,3,16083,14872,417,794
17531,2,0,1,1,16085,14873,417,795
17532,25,1,11,13,16110,14884,418,808
17533,150,3,123,24,16260,15007,421,832
17534,8,0,49,-41,16268,15056,421,791
17535,61,0,6,55,16329,15062,421,846
17536,33,1,99,-67,16362,15161,422,779
17537,233,3,271,-41,16595,15432,425,738
17538,29,2,43,-16,16624,15475,427,722
17539,70,3,55,12,16694,15530,430,734
17540,177,2,181,-6,16871,15711,432,728
17541,84,7,128,-51,16955,15839,439,677
17542,26,1,24,1,16981,15863,440,678
17543,63,2,13,48,17044,15876,442,726
17544,10,1,7,2,17054,15883,443,728
17545,50,3,43,4,17104,15926,446,732
17546,60,2,74,-16,17164,16000,448,716
17547,70,3,30,37,17234,16030,451,753
17548,14,0,4,10,17248,16034,451,763
17549,47,0,44,3,17295,16078,451,766
17550,9,0,6,3,17304,16084,451,769
17551,20,0,6,14,17324,16090,451,783
17552,6,0,14,-8,17330,16104,451,775
17553,34,0,17,17,17364,16121,451,792
17554,7,1,9,-3,17371,16130,452,789
17555,97,0,21,76,17468,16151,452,865
17556,71,0,5,66,17539,16156,452,931
17557,104,4,50,50,17643,16206,456,981
17558,172,0,54,118,17815,16260,456,1099
17559,106,0,0,106,17921,16260,456,1205
17560,114,3,18,93,18035,16278,459,1298
17561,78,0,31,47,18113,16309,459,1345
17562,125,0,22,103,18238,16331,459,1448
17563,178,1,10,167,18416,16341,460,1615
17564,349,3,196,150,18765,16537,463,1765
17565,487,3,10,474,19252,16547,466,2239
17566,383,1,7,375,19635,16554,467,2614
17567,340,3,41,296,19975,16595,470,2910
17568,461,6,417,38,20436,17012,476,2948
17569,632,4,212,416,21068,17224,480,3364
17570,731,4,28,699,21799,17252,484,4063
17571,914,5,43,866,22713,17295,489,4929
17572,220,5,90,125,22933,17385,494,5054
17573,353,0,115,238,23286,17500,494,5292
17574,474,3,57,414,23760,17557,497,5706
17575,697,2,47,648,24457,17604,499,6354
17576,1128,3,54,1071,25585,17658,502,7425
17577,537,3,165,369,26122,17823,505,7794
17578,639,4,35,600,26761,17858,509,8394
17579,547,10,160,377,27308,18018,519,8771
17580,488,17,254,217,27796,18272,536,8988
17581,565,2,141,422,28361,18413,538,9410
17582,749,9,241,499,29110,18654,547,9909
17583,731,6,471,254,29841,19125,553,10163
17584,1249,5,678,566,31090,19803,558,10729
17585,779,9,216,554,31869,20019,567,11283
17586,807,12,880,-85,32676,20899,579,11198
17587,509,18,429,62,33185,21328,597,11260
17588,1080,13,173,894,34265,21501,610,12154
17589,320,8,1121,-809,34585,22622,618,11345
17590,1244,43,1250,-49,35829,23872,661,11296
17591,1127,13,848,266,36956,24720,674,11562
17592,781,15,617,149,37737,25337,689,11711
17593,722,28,570,124,38459,25907,717,11835
17594,647,10,660,-23,39106,26567,727,11812
17595,886,5,553,328,39992,27120,732,12140
17596,410,20,274,116,40402,27394,752,12256
17597,607,16,1479,-888,41009,28873,768,11368
17598,530,15,982,-467,41539,29855,783,10901
17599,1136,11,476,649,42675,30331,794,11550
17600,3598,19,910,2669,46273,31241,813,14219
17601,1027,56,3000,-2029,47300,34241,869,12190
17602,721,20,1168,-467,48021,35409,889,11723
17603,636,7,1095,-466,48657,36504,896,11257
17604,912,36,1347,-471,49569,37851,932,10786
17605,867,30,1514,-677,50436,39365,962,10109
17606,716,15,1285,-584,51152,40650,977,9525
17607,885,18,708,159,52037,41358,995,9684
17608,649,21,892,-264,52686,42250,1016,9420
17609,498,7,1421,-930,53184,43671,1023,8490
17610,438,18,969,-549,53622,44640,1041,7941
17611,657,15,633,9,54279,45273,1056,7950
17612,527,8,949,-430,54806,46222,1064,7520
